17.0
19.0
20.0
17.0
13.0
25.0
19.0
11.0
29.0
14.0
20.0
41.0
11.0
25.0
17.0
16.0
53.0
22.0
20.0
52.0
0 25.0 9.4548978805542 280.6365966796875
25.0
16.0
16.0
24.0
15.0
35.0
16.0
18.0
16.0
18.0
13.0
22.0
17.0
19.0
15.0
12.0
40.0
12.0
14.0
16.0
13.0
24.0
28.0
13.0
25.0
1 20.0 7.0915727615356445 152.1031494140625
16.0
17.0
83.0
24.0
11.0
13.0
19.0
27.0
29.0
13.0
31.0
36.0
13.0
21.0
27.0
21.0
24.0
24.0
20.0
2 26.31578947368421 10.045954704284668 361.4874267578125
76.0
65.0
36.0
112.0
43.0
25.0
13.0
31.0
43.0
33.0
3 50.0 16.446130752563477 879.2671508789062
40.0
33.0
27.0
34.0
23.0
12.0
17.0
24.0
31.0
14.0
24.0
27.0
12.0
13.0
40.0
58.0
24.0
33.0
4 27.77777777777778 9.246318817138672 281.9053955078125
27.0
17.0
19.0
10.0
20.0
28.0
11.0
28.0
14.0
19.0
38.0
36.0
28.0
35.0
40.0
51.0
28.0
31.0
5 27.77777777777778 8.908669471740723 256.0804748535156
49.0
33.0
27.0
71.0
19.0
12.0
42.0
26.0
29.0
14.0
52.0
12.0
41.0
34.0
6 35.714285714285715 11.203393936157227 426.1341247558594
12.0
32.0
32.0
62.0
25.0
71.0
73.0
28.0
30.0
33.0
54.0
30.0
7 41.666666666666664 12.467313766479492 549.5284423828125
18.0
19.0
25.0
28.0
20.0
71.0
39.0
16.0
87.0
35.0
75.0
45.0
8 41.666666666666664 12.832727432250977 642.276611328125
27.0
53.0
128.0
21.0
17.0
56.0
70.0
37.0
28.0
23.0
38.0
9 45.45454545454545 15.08369255065918 899.8109741210938
51.0
73.0
79.0
49.0
27.0
81.0
34.0
36.0
22.0
10 55.55555555555556 13.620402336120605 694.0228271484375
46.0
67.0
78.0
40.0
17.0
79.0
90.0
48.0
35.0
11 55.55555555555556 14.42076301574707 802.5800170898438
73.0
79.0
46.0
15.0
60.0
76.0
72.0
44.0
12 62.5 13.922232627868652 740.8602905273438
68.0
58.0
66.0
44.0
54.0
85.0
98.0
13 71.42857142857143 14.087292671203613 840.5162963867188
50.0
81.0
87.0
87.0
86.0
14 100.0 16.78803253173828 1164.12109375
119.0
103.0
52.0
116.0
57.0
45.0
15 83.33333333333333 17.100942611694336 1237.038818359375
36.0
55.0
90.0
82.0
46.0
45.0
49.0
16 71.42857142857143 12.695425987243652 781.5487670898438
100.0
69.0
41.0
75.0
87.0
84.0
17 83.33333333333333 13.361605644226074 857.636474609375
73.0
70.0
52.0
58.0
49.0
166.0
18 83.33333333333333 14.794329643249512 1157.3511962890625
56.0
98.0
140.0
62.0
44.0
55.0
19 83.33333333333333 13.058935165405273 962.7443237304688
77.0
45.0
133.0
104.0
51.0
85.0
20 83.33333333333333 12.768133163452148 1017.5758666992188
66.0
142.0
70.0
57.0
42.0
55.0
56.0
21 71.42857142857143 10.463418006896973 797.409423828125
147.0
58.0
136.0
98.0
55.0
22 100.0 13.456864356994629 1263.8193359375
200.0
52.0
56.0
63.0
65.0
23 100.0 12.598638534545898 1284.5609130859375
80.0
145.0
200.0
24 166.66666666666666 14.629844665527344 1662.7275390625
103.0
179.0
106.0
25 166.66666666666666 14.938103675842285 1421.912353515625
82.0
128.0
100.0
90.0
26 125.0 11.39024543762207 868.0255737304688
99.0
168.0
200.0
27 166.66666666666666 15.332236289978027 1492.0670166015625
159.0
90.0
192.0
28 166.66666666666666 12.649116516113281 1304.430419921875
150.0
110.0
137.0
102.0
29 125.0 9.20264720916748 956.0805053710938
130.0
126.0
72.0
125.0
30 125.0 5.46785831451416 791.8777465820312
100.0
96.0
100.0
53.0
95.0
31 100.0 2.7191715240478516 452.67437744140625
77.0
106.0
121.0
54.0
73.0
32 100.0 2.733207941055298 464.0934753417969
95.0
94.0
75.0
64.0
47.0
58.0
33 83.33333333333333 0.6695939898490906 344.50164794921875
92.0
64.0
59.0
91.0
68.0
77.0
34 83.33333333333333 -0.8315525054931641 306.5467834472656
92.0
86.0
80.0
66.0
74.0
88.0
35 83.33333333333333 -1.7260022163391113 313.14752197265625
94.0
92.0
101.0
57.0
79.0
36 100.0 -0.19210933148860931 364.5439147949219
82.0
108.0
77.0
59.0
101.0
37 100.0 -0.8871890902519226 372.77386474609375
114.0
117.0
162.0
38 166.66666666666666 3.4791102409362793 568.7589721679688
162.0
200.0
134.0
39 166.66666666666666 3.5764143466949463 786.519775390625
109.0
200.0
40 250.0 7.618958950042725 1141.945556640625
141.0
192.0
41 250.0 4.994246482849121 1739.6185302734375
152.0
121.0
120.0
42 166.66666666666666 -1.5854066610336304 1789.7049560546875
117.0
138.0
106.0
127.0
43 125.0 -8.2212553024292 1948.406005859375
112.0
117.0
121.0
112.0
44 125.0 -8.698681831359863 1947.109619140625
109.0
51.0
109.0
114.0
117.0
45 100.0 -10.257139205932617 1729.7772216796875
49.0
108.0
121.0
102.0
108.0
46 100.0 -10.802474975585938 1848.7425537109375
118.0
100.0
115.0
105.0
47 125.0 -9.11302375793457 1666.775146484375
108.0
106.0
104.0
29.0
39.0
104.0
48 83.33333333333333 -13.137941360473633 1632.7569580078125
33.0
112.0
39.0
30.0
99.0
102.0
49 83.33333333333333 -9.00942611694336 1349.7940673828125
101.0
108.0
118.0
121.0
50 125.0 -6.98783016204834 1099.283447265625
112.0
110.0
113.0
109.0
51 125.0 -6.395803451538086 910.7335815429688
101.0
123.0
108.0
99.0
52 125.0 -4.085930347442627 672.7427368164062
119.0
149.0
122.0
106.0
53 125.0 -1.9950716495513916 546.38037109375
200.0
177.0
54 250.0 5.724647521972656 867.179931640625
188.0
167.0
55 250.0 5.9083428382873535 820.1130981445312
200.0
200.0
56 250.0 7.166515827178955 747.5133056640625
200.0
200.0
57 250.0 7.4929728507995605 786.2412109375
200.0
200.0
58 250.0 6.075267314910889 736.9542846679688
200.0
200.0
59 250.0 6.105012893676758 704.287109375
200.0
200.0
60 250.0 5.236097812652588 671.6585083007812
200.0
200.0
61 250.0 5.408815860748291 715.5467529296875
200.0
200.0
62 250.0 4.1823906898498535 590.8218994140625
200.0
200.0
63 250.0 3.425964593887329 576.3644409179688
200.0
200.0
64 250.0 2.7310054302215576 547.3969116210938
200.0
200.0
65 250.0 1.8465157747268677 554.6486206054688
200.0
200.0
66 250.0 1.9649685621261597 535.7583618164062
200.0
200.0
67 250.0 0.348322331905365 556.2002563476562
200.0
200.0
68 250.0 -0.7314506769180298 525.9448852539062
200.0
200.0
69 250.0 -1.551292061805725 511.4810791015625
200.0
200.0
70 250.0 -1.6546812057495117 510.0018615722656
200.0
200.0
71 250.0 -2.0922348499298096 528.132568359375
200.0
200.0
72 250.0 -2.734896183013916 449.3334655761719
197.0
200.0
73 250.0 -1.548123836517334 380.0981750488281
154.0
125.0
137.0
74 166.66666666666666 -7.03762674331665 604.3993530273438
125.0
153.0
120.0
75 166.66666666666666 -7.44453239440918 564.5191650390625
148.0
102.0
106.0
112.0
76 125.0 -10.660483360290527 876.3181762695312
113.0
54.0
111.0
70.0
102.0
77 100.0 -12.773920059204102 1048.1932373046875
38.0
58.0
92.0
41.0
34.0
26.0
43.0
48.0
62.0
29.0
78 50.0 -17.638490676879883 1846.6019287109375
40.0
40.0
34.0
17.0
35.0
34.0
51.0
47.0
49.0
31.0
36.0
39.0
37.0
79 38.46153846153846 -20.603618621826172 2235.50048828125
35.0
44.0
32.0
46.0
31.0
41.0
42.0
36.0
36.0
41.0
44.0
37.0
80 41.666666666666664 -18.070470809936523 1993.9591064453125
58.0
46.0
47.0
48.0
25.0
38.0
25.0
20.0
28.0
40.0
49.0
56.0
81 41.666666666666664 -18.466997146606445 1786.35400390625
35.0
88.0
65.0
76.0
47.0
98.0
62.0
82 71.42857142857143 -10.74470043182373 764.9559936523438
108.0
113.0
92.0
93.0
83 125.0 -3.136692523956299 133.05239868164062
118.0
107.0
31.0
95.0
115.0
84 100.0 -2.634369373321533 168.42437744140625
137.0
113.0
110.0
120.0
85 125.0 1.1015111207962036 56.32554626464844
105.0
121.0
124.0
138.0
86 125.0 3.7276113033294678 107.73600769042969
169.0
142.0
139.0
87 166.66666666666666 6.8860273361206055 315.36529541015625
152.0
134.0
184.0
88 166.66666666666666 9.813462257385254 483.3195495605469
163.0
189.0
89 250.0 11.918462753295898 674.807861328125
200.0
200.0
90 250.0 9.211941719055176 640.944580078125
200.0
200.0
91 250.0 7.2401442527771 566.9197998046875
200.0
200.0
92 250.0 6.002552509307861 519.4104614257812
200.0
200.0
93 250.0 5.385611534118652 538.3213500976562
200.0
200.0
94 250.0 3.787369728088379 516.1650390625
200.0
200.0
95 250.0 2.662526845932007 545.4976196289062
200.0
200.0
96 250.0 1.1368303298950195 545.6951904296875
200.0
200.0
97 250.0 0.2947182357311249 575.2333984375
200.0
200.0
98 250.0 -1.749701738357544 620.24755859375
200.0
200.0
99 250.0 -1.7135837078094482 630.6260375976562
200.0
200.0
100 250.0 -1.936219573020935 623.9210815429688
200.0
200.0
101 250.0 -1.7925165891647339 628.9425048828125
200.0
200.0
102 250.0 -2.978325605392456 703.9908447265625
200.0
200.0
103 250.0 -2.4763567447662354 711.3348388671875
200.0
200.0
104 250.0 -3.3816475868225098 685.9342041015625
200.0
200.0
105 250.0 -2.7141337394714355 686.8557739257812
200.0
200.0
106 250.0 -1.5856871604919434 652.8164672851562
200.0
200.0
107 250.0 -1.203094482421875 635.817138671875
200.0
200.0
108 250.0 0.2042878270149231 622.4344482421875
200.0
200.0
109 250.0 0.3467518091201782 593.3045043945312
200.0
200.0
110 250.0 0.635346531867981 602.1993408203125
200.0
200.0
111 250.0 1.7487879991531372 578.5367431640625
200.0
200.0
112 250.0 1.5383837223052979 572.0589599609375
200.0
200.0
113 250.0 1.7311221361160278 561.3555908203125
200.0
200.0
114 250.0 2.4246060848236084 558.5424194335938
200.0
200.0
115 250.0 1.260454535484314 569.772216796875
200.0
200.0
116 250.0 1.3116223812103271 555.74560546875
200.0
200.0
117 250.0 0.4819760024547577 538.7012939453125
200.0
200.0
118 250.0 0.30473804473876953 529.9220581054688
200.0
200.0
119 250.0 0.2653287649154663 535.358642578125
200.0
200.0
120 250.0 0.08117450028657913 533.4664916992188
200.0
200.0
121 250.0 -0.2579551339149475 528.9722900390625
200.0
200.0
122 250.0 -0.699701189994812 517.5947875976562
200.0
200.0
123 250.0 -0.28445228934288025 506.83416748046875
200.0
200.0
124 250.0 -0.6669598817825317 490.5863342285156
200.0
181.0
125 250.0 0.3453105092048645 513.055419921875
200.0
131.0
34.0
126 166.66666666666666 -3.491591215133667 649.8115234375
200.0
200.0
127 250.0 0.968529462814331 440.9265441894531
200.0
200.0
128 250.0 1.0984731912612915 426.0467529296875
200.0
200.0
129 250.0 1.4727274179458618 412.158935546875
200.0
200.0
130 250.0 1.1014342308044434 381.1842956542969
200.0
200.0
131 250.0 1.9852582216262817 372.7969055175781
166.0
200.0
132 250.0 1.1026424169540405 373.872314453125
200.0
200.0
133 250.0 1.4145708084106445 340.5523986816406
200.0
200.0
134 250.0 0.6775162220001221 325.317626953125
200.0
200.0
135 250.0 0.34606537222862244 295.4523620605469
16.0
200.0
200.0
136 166.66666666666666 -1.9793016910552979 437.05401611328125
200.0
200.0
137 250.0 -1.0640504360198975 290.8996276855469
200.0
200.0
138 250.0 -0.5744503736495972 280.6138610839844
200.0
200.0
139 250.0 -0.216755673289299 251.07264709472656
200.0
200.0
140 250.0 -1.3775869607925415 214.3139190673828
200.0
200.0
141 250.0 -0.4217987656593323 236.94879150390625
200.0
200.0
142 250.0 -0.29335758090019226 207.63998413085938
200.0
200.0
143 250.0 0.1933949738740921 189.43359375
200.0
200.0
144 250.0 -0.8560049533843994 212.82415771484375
200.0
200.0
145 250.0 0.671967625617981 189.2849884033203
200.0
200.0
146 250.0 -0.446746826171875 117.88546752929688
200.0
200.0
147 250.0 -0.4128604531288147 148.9774932861328
200.0
200.0
148 250.0 0.6146868467330933 118.69023895263672
200.0
200.0
149 250.0 1.2212944030761719 193.68540954589844
200.0
200.0
150 250.0 0.18885307013988495 150.58963012695312
200.0
200.0
151 250.0 1.0769906044006348 150.36288452148438
200.0
200.0
152 250.0 0.13565485179424286 118.86318969726562
200.0
200.0
153 250.0 0.5880354642868042 172.7635955810547
200.0
200.0
154 250.0 0.5065017938613892 159.39913940429688
200.0
18.0
128.0
155 166.66666666666666 -6.220120906829834 527.473876953125
200.0
60.0
64.0
156 166.66666666666666 -8.223289489746094 971.7536010742188
200.0
200.0
157 250.0 -0.26016753911972046 151.40301513671875
200.0
200.0
158 250.0 -0.8276382088661194 96.11609649658203
200.0
200.0
159 250.0 -0.5084233283996582 98.9671401977539
200.0
200.0
160 250.0 -0.21182884275913239 124.78994750976562
200.0
200.0
13.0
161 166.66666666666666 -2.0553784370422363 257.2188415527344
200.0
200.0
162 250.0 0.26445457339286804 91.13668823242188
11.0
200.0
200.0
163 166.66666666666666 -1.5510554313659668 222.14907836914062
200.0
200.0
164 250.0 0.23990732431411743 67.50859069824219
200.0
200.0
165 250.0 0.4984833896160126 109.32035064697266
200.0
200.0
166 250.0 -0.6190991401672363 134.2361297607422
200.0
200.0
167 250.0 0.4525366723537445 113.84689331054688
200.0
200.0
168 250.0 -0.08709104359149933 128.54165649414062
200.0
200.0
169 250.0 -1.7900707721710205 179.58486938476562
200.0
200.0
170 250.0 -2.5156614780426025 160.13909912109375
200.0
200.0
171 250.0 -0.328780859708786 170.8443145751953
200.0
200.0
172 250.0 -1.411933422088623 174.06605529785156
200.0
200.0
173 250.0 -3.1999008655548096 275.3124084472656
200.0
200.0
174 250.0 -1.4410102367401123 362.5563049316406
200.0
200.0
175 250.0 -3.216632843017578 519.7347412109375
200.0
200.0
176 250.0 -2.9627809524536133 503.6470031738281
200.0
200.0
177 250.0 -3.8948099613189697 648.554443359375
200.0
200.0
178 250.0 -2.1565351486206055 800.9592895507812
200.0
200.0
179 250.0 -1.675266146659851 948.9828491210938
200.0
200.0
180 250.0 -0.7304192185401917 857.656494140625
200.0
200.0
181 250.0 -0.7923215627670288 873.237060546875
200.0
200.0
182 250.0 -0.6569997668266296 893.0320434570312
200.0
200.0
183 250.0 0.9303247332572937 864.3930053710938
200.0
200.0
184 250.0 2.3074605464935303 792.9152221679688
200.0
200.0
185 250.0 2.561922550201416 856.7246704101562
200.0
200.0
186 250.0 4.059165954589844 795.5659790039062
200.0
200.0
187 250.0 3.3883745670318604 859.153076171875
200.0
200.0
188 250.0 4.35527229309082 765.5464477539062
200.0
200.0
189 250.0 3.6882808208465576 668.0305786132812
200.0
200.0
190 250.0 4.983598709106445 735.2303466796875
200.0
200.0
191 250.0 3.1195766925811768 665.4276733398438
200.0
200.0
192 250.0 2.833388090133667 669.8900756835938
200.0
200.0
193 250.0 2.1816518306732178 635.154052734375
200.0
200.0
194 250.0 -0.05332992970943451 653.0884399414062
200.0
200.0
195 250.0 0.22582584619522095 686.0569458007812
200.0
200.0
196 250.0 0.6690478324890137 744.908447265625
200.0
200.0
197 250.0 -1.0464726686477661 727.4721069335938
200.0
200.0
198 250.0 0.2505159378051758 774.4525756835938
200.0
200.0
199 250.0 -1.3004757165908813 741.7784423828125
200.0
200.0
200 250.0 -1.0121021270751953 734.8086547851562
200.0
200.0
201 250.0 -0.9913930892944336 663.2776489257812
200.0
200.0
202 250.0 -0.20139405131340027 681.1080322265625
200.0
200.0
203 250.0 0.2734130918979645 644.5626831054688
200.0
200.0
204 250.0 1.042061686515808 593.6625366210938
200.0
200.0
205 250.0 1.6610687971115112 621.97900390625
200.0
200.0
206 250.0 1.262506365776062 584.3619995117188
200.0
200.0
207 250.0 1.26510488986969 559.0040283203125
200.0
200.0
208 250.0 0.11323024332523346 537.0140380859375
200.0
200.0
209 250.0 0.3699234426021576 534.88232421875
200.0
200.0
210 250.0 0.0804511085152626 581.156005859375
200.0
200.0
211 250.0 -0.9294362664222717 565.8764038085938
177.0
95.0
200.0
212 166.66666666666666 -5.423734188079834 634.4758911132812
200.0
100.0
200.0
213 166.66666666666666 1.067879557609558 636.385009765625
200.0
200.0
214 250.0 -0.9752943515777588 537.3831176757812
100.0
200.0
200.0
215 166.66666666666666 0.13127775490283966 636.163330078125
200.0
200.0
216 250.0 -0.7041091322898865 526.0498657226562
200.0
200.0
217 250.0 -1.2131028175354004 488.65753173828125
200.0
200.0
218 250.0 -0.7618193030357361 461.1353759765625
200.0
200.0
219 250.0 -0.07144337147474289 489.29278564453125
200.0
200.0
220 250.0 -0.07623493671417236 462.2178649902344
200.0
200.0
221 250.0 0.06044590473175049 431.2103576660156
200.0
200.0
222 250.0 0.6749747395515442 416.7024230957031
200.0
200.0
223 250.0 0.39374005794525146 420.45562744140625
200.0
200.0
224 250.0 -0.08256872743368149 404.90093994140625
200.0
200.0
225 250.0 -0.5236647129058838 420.5050964355469
200.0
200.0
226 250.0 -0.3032113313674927 425.8581237792969
200.0
200.0
227 250.0 -0.5974014401435852 413.4212646484375
200.0
200.0
228 250.0 -1.4972399473190308 441.14630126953125
200.0
200.0
229 250.0 -1.3707001209259033 500.7939453125
200.0
200.0
230 250.0 -0.030065476894378662 468.0047607421875
200.0
200.0
231 250.0 -1.0111488103866577 535.6804809570312
200.0
200.0
232 250.0 -1.2409086227416992 542.4393310546875
200.0
200.0
233 250.0 -0.9260909557342529 544.7435913085938
200.0
200.0
234 250.0 0.11701951920986176 540.115966796875
200.0
200.0
235 250.0 0.5718482136726379 513.3037109375
200.0
200.0
236 250.0 1.0917052030563354 507.6311340332031
200.0
200.0
237 250.0 1.0093480348587036 496.58758544921875
200.0
200.0
238 250.0 2.6087968349456787 465.5198059082031
200.0
200.0
239 250.0 2.314204692840576 459.1070861816406
200.0
200.0
240 250.0 1.6378304958343506 421.0574951171875
200.0
200.0
241 250.0 1.9946964979171753 384.1251525878906
200.0
200.0
242 250.0 2.9214468002319336 401.2412414550781
200.0
200.0
243 250.0 1.6875709295272827 340.35540771484375
200.0
200.0
244 250.0 1.8453190326690674 344.0675354003906
200.0
200.0
245 250.0 -0.45619261264801025 286.2098083496094
200.0
200.0
246 250.0 -0.0756702870130539 321.5821838378906
200.0
200.0
247 250.0 -0.8531815409660339 352.7779235839844
200.0
200.0
248 250.0 -2.14414644241333 320.6130676269531
200.0
200.0
249 250.0 -2.1241726875305176 401.6368103027344
200.0
200.0
250 250.0 -3.948974847793579 378.080810546875
200.0
200.0
251 250.0 -2.5316202640533447 396.4809875488281
200.0
200.0
252 250.0 -3.7365987300872803 476.6912536621094
200.0
200.0
253 250.0 -4.1528520584106445 446.8837585449219
200.0
200.0
254 250.0 -3.128915548324585 453.3769226074219
200.0
200.0
255 250.0 -2.89198637008667 535.141357421875
200.0
200.0
256 250.0 -2.4748809337615967 501.42718505859375
200.0
200.0
257 250.0 -2.6972556114196777 537.1505737304688
200.0
200.0
258 250.0 -1.9904271364212036 639.3888549804688
200.0
200.0
259 250.0 -2.1003503799438477 613.413818359375
200.0
200.0
260 250.0 -0.440233051776886 643.8081665039062
200.0
200.0
261 250.0 1.6177995204925537 665.1117553710938
200.0
200.0
262 250.0 1.1567835807800293 629.115478515625
200.0
200.0
263 250.0 1.6135013103485107 589.7592163085938
200.0
200.0
264 250.0 2.990208387374878 627.6817016601562
200.0
200.0
265 250.0 3.2432589530944824 642.5578002929688
200.0
200.0
266 250.0 2.4794669151306152 609.3633422851562
200.0
200.0
267 250.0 2.5540640354156494 625.0951538085938
200.0
200.0
268 250.0 3.120617628097534 669.2925415039062
200.0
200.0
269 250.0 2.116364002227783 606.9951782226562
200.0
200.0
270 250.0 1.4688864946365356 578.9005126953125
200.0
200.0
271 250.0 1.086517095565796 544.0501098632812
200.0
200.0
272 250.0 0.2245805710554123 580.8644409179688
200.0
200.0
273 250.0 0.021621139720082283 607.2220458984375
200.0
200.0
274 250.0 -0.06955543160438538 638.8733520507812
200.0
200.0
275 250.0 -0.6395406723022461 602.0166625976562
200.0
200.0
276 250.0 -2.115307331085205 570.6148681640625
200.0
200.0
277 250.0 -2.156217336654663 562.3660888671875
200.0
200.0
278 250.0 -0.8115991353988647 578.9711303710938
200.0
200.0
279 250.0 -0.8542545437812805 564.4022827148438
200.0
200.0
280 250.0 0.17399142682552338 582.8657836914062
200.0
200.0
281 250.0 0.21579845249652863 539.3291015625
200.0
200.0
282 250.0 0.609331488609314 554.8294677734375
200.0
200.0
283 250.0 1.9065216779708862 602.1249389648438
200.0
200.0
284 250.0 2.156980514526367 559.5029907226562
200.0
200.0
285 250.0 1.4426535367965698 575.7330322265625
200.0
200.0
286 250.0 0.6909492611885071 575.9845581054688
200.0
200.0
287 250.0 1.5741019248962402 596.6621704101562
200.0
200.0
288 250.0 0.6503186225891113 588.4982299804688
200.0
200.0
289 250.0 0.3032150864601135 567.3685302734375
200.0
200.0
290 250.0 0.24415503442287445 553.9152221679688
200.0
200.0
291 250.0 0.31001487374305725 498.4913635253906
200.0
200.0
292 250.0 0.9119809865951538 453.02557373046875
200.0
200.0
293 250.0 1.6043643951416016 398.3695068359375
200.0
200.0
294 250.0 1.9966107606887817 314.6943054199219
169.0
194.0
295 250.0 4.416114807128906 231.76097106933594
158.0
154.0
180.0
296 166.66666666666666 1.524782657623291 126.44268798828125
140.0
154.0
13.0
144.0
11.0
14.0
297 83.33333333333333 -2.660463571548462 324.95672607421875
134.0
147.0
149.0
19.0
298 125.0 -2.8406033515930176 201.94107055664062
141.0
15.0
124.0
14.0
134.0
299 100.0 -3.289349317550659 260.0635070800781
130.0
131.0
137.0
24.0
18.0
16.0
300 83.33333333333333 -5.039242267608643 468.0284729003906
129.0
20.0
132.0
132.0
301 125.0 -1.8698562383651733 185.7394256591797
128.0
136.0
125.0
21.0
302 125.0 -1.8367313146591187 212.51222229003906
127.0
134.0
125.0
303 166.66666666666666 0.7978417277336121 57.10218811035156
125.0
115.0
128.0
304 166.66666666666666 0.5148497819900513 77.56744384765625
131.0
123.0
132.0
305 166.66666666666666 0.3773037791252136 61.89971160888672
122.0
118.0
131.0
119.0
306 125.0 -0.3767869770526886 54.605953216552734
131.0
130.0
137.0
307 166.66666666666666 0.5488365292549133 43.16054153442383
141.0
141.0
134.0
308 166.66666666666666 0.2162734568119049 51.78900909423828
140.0
139.0
128.0
309 166.66666666666666 -0.3996748924255371 29.46002769470215
146.0
155.0
149.0
310 166.66666666666666 1.098529577255249 26.32990837097168
136.0
139.0
147.0
311 166.66666666666666 -0.17815829813480377 19.95942497253418
145.0
146.0
142.0
312 166.66666666666666 0.3360242247581482 18.51120376586914
142.0
145.0
160.0
313 166.66666666666666 0.3920581042766571 27.87014389038086
154.0
153.0
147.0
314 166.66666666666666 0.26249220967292786 26.156076431274414
162.0
158.0
155.0
315 166.66666666666666 1.0402650833129883 36.17786407470703
169.0
164.0
159.0
316 166.66666666666666 0.7125410437583923 35.555999755859375
160.0
173.0
317 250.0 1.5960667133331299 60.685062408447266
170.0
174.0
318 250.0 1.2972240447998047 55.803794860839844
167.0
175.0
319 250.0 0.3601944148540497 50.26807403564453
189.0
192.0
320 250.0 0.11319000273942947 46.514747619628906
183.0
170.0
321 250.0 -0.4756527841091156 50.55506134033203
176.0
176.0
322 250.0 -0.26969093084335327 49.96510314941406
185.0
200.0
323 250.0 -0.6854150295257568 34.41973114013672
192.0
200.0
324 250.0 0.3019571006298065 27.665916442871094
200.0
191.0
325 250.0 0.341264009475708 40.74254608154297
200.0
200.0
326 250.0 -0.37274351716041565 57.88837814331055
200.0
200.0
327 250.0 -2.949816942214966 150.4891357421875
200.0
200.0
328 250.0 -0.6521666049957275 66.11858367919922
200.0
200.0
329 250.0 -2.2821149826049805 133.83895874023438
200.0
200.0
330 250.0 -0.39118659496307373 97.74634552001953
200.0
200.0
331 250.0 0.8629833459854126 67.91600036621094
200.0
200.0
332 250.0 1.485217571258545 81.49420928955078
200.0
200.0
333 250.0 0.3801729381084442 78.1704330444336
200.0
200.0
334 250.0 -0.6042697429656982 117.53143310546875
200.0
200.0
335 250.0 0.5174006223678589 82.00057220458984
200.0
200.0
336 250.0 -0.05345365032553673 97.58132934570312
200.0
200.0
337 250.0 -1.0493261814117432 78.21971130371094
200.0
200.0
338 250.0 0.14261285960674286 119.41566467285156
200.0
200.0
339 250.0 1.6091558933258057 83.1296157836914
200.0
200.0
340 250.0 -0.7293290495872498 76.4422378540039
200.0
200.0
341 250.0 0.7806848287582397 91.00814819335938
200.0
200.0
342 250.0 -0.790217399597168 100.81015014648438
200.0
200.0
343 250.0 0.5906940698623657 122.35226440429688
200.0
200.0
344 250.0 0.6705052256584167 96.74889373779297
200.0
200.0
345 250.0 -1.8029953241348267 101.85060119628906
200.0
200.0
346 250.0 -1.6446613073349 92.42743682861328
200.0
200.0
347 250.0 -1.0641156435012817 109.84721374511719
200.0
200.0
348 250.0 -1.5259453058242798 112.14593505859375
200.0
200.0
349 250.0 -0.013275330886244774 115.29400634765625
200.0
200.0
350 250.0 0.5092202425003052 100.7444839477539
200.0
200.0
351 250.0 -2.797318696975708 165.35227966308594
200.0
200.0
352 250.0 -1.9505828619003296 173.12017822265625
200.0
200.0
353 250.0 -1.7178012132644653 199.0849151611328
200.0
200.0
354 250.0 -0.62969571352005 209.2938690185547
200.0
200.0
355 250.0 -1.3637983798980713 291.574951171875
200.0
200.0
356 250.0 -0.5004953742027283 198.58285522460938
200.0
200.0
357 250.0 1.0082913637161255 333.3437194824219
200.0
200.0
358 250.0 -0.009937175549566746 243.01429748535156
200.0
200.0
359 250.0 0.15321989357471466 292.5093994140625
200.0
200.0
360 250.0 1.5497649908065796 304.80462646484375
200.0
200.0
361 250.0 1.5685611963272095 319.5800476074219
200.0
200.0
362 250.0 -0.2615976929664612 317.1739807128906
200.0
200.0
363 250.0 -0.09170909225940704 244.49664306640625
200.0
200.0
364 250.0 1.6688258647918701 402.8083801269531
200.0
200.0
365 250.0 0.44419559836387634 445.9754333496094
200.0
200.0
366 250.0 1.3415602445602417 457.1489562988281
200.0
200.0
367 250.0 -2.3171136379241943 428.0050354003906
200.0
200.0
368 250.0 -1.3946573734283447 416.4536437988281
200.0
200.0
369 250.0 -0.36007052659988403 425.9237060546875
200.0
200.0
370 250.0 -1.767791986465454 389.6515197753906
200.0
200.0
371 250.0 -2.0518908500671387 567.0237426757812
200.0
200.0
372 250.0 -2.3644180297851562 529.0603637695312
200.0
200.0
373 250.0 -2.0173726081848145 587.6375122070312
200.0
200.0
374 250.0 -0.37603995203971863 590.8884887695312
200.0
200.0
375 250.0 0.8562724590301514 388.2763366699219
200.0
200.0
376 250.0 2.2165589332580566 373.888427734375
200.0
200.0
377 250.0 3.8205931186676025 321.8589172363281
200.0
200.0
378 250.0 6.921689033508301 608.8977661132812
200.0
200.0
379 250.0 6.236308574676514 515.2155151367188
200.0
200.0
380 250.0 7.788515567779541 518.2666015625
200.0
200.0
381 250.0 6.481590747833252 390.3578796386719
200.0
200.0
382 250.0 8.851153373718262 582.062744140625
200.0
200.0
383 250.0 9.575737953186035 761.6226196289062
200.0
200.0
384 250.0 10.975943565368652 945.7391967773438
200.0
200.0
385 250.0 10.81637191772461 1120.9732666015625
200.0
200.0
386 250.0 13.155841827392578 1453.8638916015625
200.0
200.0
387 250.0 12.024651527404785 1244.554931640625
200.0
200.0
388 250.0 11.697640419006348 1371.1795654296875
200.0
200.0
389 250.0 11.145231246948242 1474.8424072265625
200.0
200.0
390 250.0 11.057327270507812 1448.1298828125
200.0
200.0
391 250.0 10.930254936218262 1312.3612060546875
200.0
200.0
392 250.0 10.19422721862793 1389.3892822265625
200.0
200.0
393 250.0 9.413124084472656 1319.3575439453125
200.0
200.0
394 250.0 6.110354423522949 1020.4190673828125
200.0
200.0
395 250.0 3.8658323287963867 730.8782958984375
200.0
200.0
396 250.0 -0.9700058102607727 363.6983337402344
200.0
200.0
397 250.0 -5.135778903961182 380.2771911621094
200.0
200.0
398 250.0 -8.499261856079102 579.087890625
200.0
200.0
399 250.0 -9.18652057647705 620.3936767578125
200.0
200.0
400 250.0 -8.809202194213867 744.4502563476562
200.0
200.0
401 250.0 -10.806181907653809 729.6691284179688
200.0
200.0
402 250.0 -9.103708267211914 740.4963989257812
200.0
200.0
403 250.0 -11.552459716796875 802.4586791992188
200.0
200.0
404 250.0 -9.790482521057129 856.3230590820312
200.0
200.0
405 250.0 -9.855558395385742 876.9537963867188
200.0
200.0
406 250.0 -9.711917877197266 890.9371337890625
200.0
200.0
407 250.0 -7.458211421966553 677.318603515625
200.0
200.0
408 250.0 -6.781228542327881 676.684326171875
200.0
200.0
409 250.0 -6.372735977172852 522.2399291992188
200.0
200.0
410 250.0 -4.631986618041992 553.054443359375
200.0
200.0
411 250.0 -4.796083450317383 433.92431640625
200.0
200.0
412 250.0 -3.116405725479126 378.9924011230469
200.0
200.0
413 250.0 -1.5212924480438232 380.5103454589844
200.0
200.0
414 250.0 -0.1413516402244568 365.7431335449219
200.0
200.0
415 250.0 1.014143943786621 348.83587646484375
200.0
200.0
416 250.0 1.2872366905212402 383.2248229980469
200.0
200.0
417 250.0 2.5481297969818115 355.50042724609375
200.0
200.0
418 250.0 2.2447502613067627 395.1534118652344
200.0
200.0
419 250.0 2.1651501655578613 355.3338317871094
200.0
200.0
420 250.0 1.0464658737182617 453.57501220703125
200.0
200.0
421 250.0 2.4119997024536133 422.5957946777344
200.0
200.0
422 250.0 0.23986175656318665 512.37939453125
200.0
200.0
423 250.0 1.5297237634658813 407.1947326660156
200.0
200.0
424 250.0 0.28034159541130066 554.3676147460938
200.0
200.0
425 250.0 -1.5044007301330566 526.01220703125
200.0
200.0
426 250.0 -2.072383165359497 549.7244873046875
200.0
200.0
427 250.0 -2.3066060543060303 591.2251586914062
200.0
200.0
428 250.0 -1.3107393980026245 653.3690185546875
200.0
200.0
429 250.0 -1.440317153930664 604.1168212890625
200.0
200.0
430 250.0 -1.1260846853256226 626.3191528320312
200.0
200.0
431 250.0 -0.047657158225774765 612.95458984375
200.0
200.0
432 250.0 0.01708362251520157 651.7350463867188
200.0
200.0
433 250.0 -0.035994771867990494 531.1180419921875
200.0
200.0
434 250.0 1.2370966672897339 619.1974487304688
200.0
200.0
435 250.0 0.3647838234901428 540.1697998046875
200.0
200.0
436 250.0 0.8852995038032532 583.3267211914062
200.0
200.0
437 250.0 1.0556178092956543 538.7285766601562
200.0
200.0
438 250.0 0.3966347277164459 516.8743286132812
200.0
200.0
439 250.0 0.1786564737558365 534.6376953125
200.0
200.0
440 250.0 0.701693058013916 547.2621459960938
200.0
200.0
441 250.0 -0.10548962652683258 547.8778686523438
200.0
200.0
442 250.0 0.6370195746421814 543.2445678710938
200.0
200.0
443 250.0 -0.5670793652534485 529.6815185546875
200.0
200.0
444 250.0 -0.5159843564033508 540.2762451171875
200.0
200.0
445 250.0 -0.49124598503112793 550.6179809570312
200.0
200.0
446 250.0 -0.27414554357528687 535.1495361328125
200.0
200.0
447 250.0 0.2660123407840729 534.3224487304688
200.0
200.0
448 250.0 -0.4692784249782562 526.488037109375
200.0
200.0
449 250.0 0.2709141671657562 509.5393981933594
200.0
200.0
450 250.0 0.6709892153739929 515.614501953125
200.0
200.0
451 250.0 0.9375113844871521 517.8638305664062
200.0
200.0
452 250.0 0.5163973569869995 520.756103515625
200.0
200.0
453 250.0 0.641981840133667 527.325439453125
200.0
200.0
454 250.0 -0.5254876613616943 511.2772521972656
200.0
200.0
455 250.0 -0.3584362864494324 522.9428100585938
200.0
200.0
456 250.0 -0.8354093432426453 535.3135375976562
200.0
200.0
457 250.0 -0.25979065895080566 506.6313171386719
200.0
200.0
458 250.0 0.08632910251617432 516.9912109375
200.0
200.0
459 250.0 0.6559911966323853 481.3992614746094
200.0
200.0
460 250.0 0.5159538984298706 519.7467041015625
200.0
200.0
461 250.0 0.601616382598877 527.944091796875
200.0
200.0
462 250.0 0.4132915139198303 440.4285888671875
200.0
200.0
463 250.0 0.2247544676065445 476.93890380859375
200.0
200.0
464 250.0 0.6925482749938965 469.5252685546875
200.0
200.0
465 250.0 -0.6323037147521973 456.29620361328125
200.0
200.0
466 250.0 -0.8630958199501038 457.3006286621094
200.0
200.0
467 250.0 -0.41389596462249756 415.2819519042969
200.0
200.0
468 250.0 -1.3073116540908813 433.02679443359375
200.0
200.0
469 250.0 -1.1530559062957764 443.5198059082031
200.0
200.0
470 250.0 -0.39999231696128845 444.7322082519531
200.0
200.0
471 250.0 0.7686348557472229 412.3475036621094
200.0
200.0
472 250.0 1.04520845413208 391.9618835449219
200.0
200.0
473 250.0 0.8102316856384277 370.4577331542969
200.0
200.0
474 250.0 0.6615260243415833 348.0402526855469
200.0
200.0
475 250.0 -0.2978111803531647 393.17071533203125
200.0
200.0
476 250.0 -0.20115606486797333 342.12176513671875
200.0
200.0
477 250.0 0.2484842836856842 353.4922180175781
200.0
200.0
478 250.0 -0.11639762669801712 325.9978942871094
200.0
200.0
479 250.0 -0.46237415075302124 335.3774108886719
200.0
200.0
480 250.0 0.2493404746055603 256.0045166015625
200.0
200.0
481 250.0 0.48211783170700073 260.51043701171875
200.0
200.0
482 250.0 0.21605432033538818 253.8641357421875
200.0
200.0
483 250.0 0.711624264717102 201.7472686767578
200.0
200.0
484 250.0 1.9992401599884033 219.1722412109375
200.0
200.0
485 250.0 1.846344232559204 215.30780029296875
200.0
200.0
486 250.0 0.14076513051986694 226.30892944335938
200.0
200.0
14.0
14.0
487 125.0 -3.3615269660949707 639.3523559570312
200.0
200.0
488 250.0 -0.10580816119909286 205.5916290283203
200.0
200.0
489 250.0 -1.866105079650879 165.1977996826172
200.0
200.0
490 250.0 -0.9718274474143982 175.2278289794922
200.0
200.0
491 250.0 -2.359363079071045 188.98377990722656
200.0
200.0
492 250.0 -0.8317084312438965 194.6230010986328
200.0
200.0
493 250.0 -1.060639500617981 207.8041229248047
200.0
200.0
494 250.0 -1.5319726467132568 199.33612060546875
200.0
200.0
495 250.0 -0.5914472341537476 179.81422424316406
200.0
200.0
496 250.0 -0.38938990235328674 156.2115936279297
200.0
200.0
497 250.0 0.08014769852161407 221.60855102539062
200.0
200.0
498 250.0 3.1560559272766113 254.14471435546875
200.0
200.0
499 250.0 0.559625506401062 182.08047485351562
200.0
200.0
500 250.0 1.7414933443069458 280.09735107421875
200.0
200.0
501 250.0 1.629268765449524 242.0155792236328
200.0
200.0
502 250.0 0.8307568430900574 235.32083129882812
200.0
200.0
503 250.0 -0.10546892881393433 207.8556365966797
200.0
200.0
504 250.0 -0.3000040352344513 175.68202209472656
200.0
200.0
505 250.0 -1.559061884880066 237.51609802246094
200.0
200.0
506 250.0 -1.0894635915756226 243.727294921875
200.0
200.0
507 250.0 -0.5781209468841553 145.25143432617188
200.0
200.0
508 250.0 2.4379215240478516 274.5470275878906
200.0
200.0
509 250.0 2.097663164138794 265.3479309082031
200.0
200.0
510 250.0 1.304173231124878 168.63331604003906
200.0
200.0
511 250.0 -0.9400566220283508 147.42955017089844
200.0
200.0
512 250.0 -0.45322275161743164 164.2059783935547
200.0
200.0
513 250.0 -0.14867764711380005 188.74256896972656
200.0
200.0
514 250.0 0.3182055354118347 165.62538146972656
200.0
200.0
515 250.0 0.37455910444259644 177.20733642578125
200.0
200.0
516 250.0 -0.10186102986335754 179.9479217529297
200.0
200.0
517 250.0 0.10131427645683289 193.14474487304688
200.0
200.0
518 250.0 0.24615360796451569 157.8839569091797
200.0
200.0
519 250.0 -1.712132215499878 214.5540008544922
200.0
200.0
520 250.0 -1.566411018371582 157.33705139160156
200.0
200.0
521 250.0 -3.6620378494262695 295.6713562011719
200.0
200.0
522 250.0 -0.7913637161254883 224.81256103515625
200.0
200.0
523 250.0 -2.6862404346466064 219.7617950439453
200.0
200.0
524 250.0 -1.285200595855713 306.97467041015625
200.0
200.0
525 250.0 -0.9214911460876465 263.8400573730469
200.0
200.0
526 250.0 -2.113020420074463 296.5617980957031
200.0
200.0
527 250.0 2.0672364234924316 325.3420104980469
200.0
200.0
528 250.0 0.6018673181533813 291.45245361328125
200.0
200.0
529 250.0 0.19191433489322662 354.7911682128906
200.0
200.0
530 250.0 -0.462947279214859 284.5193786621094
200.0
200.0
531 250.0 -0.43310579657554626 263.10125732421875
200.0
200.0
532 250.0 -0.5386400818824768 334.7640075683594
200.0
200.0
533 250.0 -0.24932308495044708 485.46435546875
200.0
200.0
534 250.0 0.30509692430496216 504.6463317871094
200.0
200.0
535 250.0 -0.05398508161306381 466.18707275390625
200.0
200.0
536 250.0 0.04749276116490364 582.9349975585938
200.0
200.0
537 250.0 0.644287645816803 505.1202392578125
200.0
200.0
538 250.0 0.1387602984905243 603.9957885742188
200.0
200.0
539 250.0 0.36446255445480347 615.4874267578125
200.0
200.0
540 250.0 -0.26065289974212646 495.12872314453125
200.0
200.0
541 250.0 -0.23120935261249542 455.3172302246094
200.0
200.0
542 250.0 0.7737303376197815 368.09149169921875
200.0
200.0
543 250.0 -0.017741654068231583 255.01837158203125
200.0
200.0
544 250.0 2.8714661598205566 463.48004150390625
200.0
200.0
545 250.0 1.607812523841858 300.2296447753906
200.0
200.0
546 250.0 1.710726261138916 379.14324951171875
200.0
200.0
547 250.0 0.2438431829214096 274.21044921875
200.0
200.0
548 250.0 0.5456864237785339 286.9689636230469
200.0
200.0
549 250.0 0.9858570694923401 192.21669006347656
200.0
200.0
550 250.0 -1.7646209001541138 237.31813049316406
200.0
200.0
551 250.0 -0.19272345304489136 231.30532836914062
200.0
200.0
552 250.0 -1.9498058557510376 272.9623718261719
200.0
200.0
553 250.0 -0.3865302801132202 264.87103271484375
200.0
200.0
554 250.0 -0.4069904685020447 233.39572143554688
200.0
200.0
555 250.0 0.9212924242019653 163.4258270263672
200.0
200.0
556 250.0 -0.35180598497390747 186.4103240966797
200.0
200.0
557 250.0 0.39135757088661194 214.4534912109375
200.0
200.0
558 250.0 -0.788358747959137 263.00537109375
200.0
200.0
559 250.0 -0.8349923491477966 195.8766632080078
200.0
200.0
560 250.0 -2.199296474456787 243.43601989746094
200.0
200.0
561 250.0 -0.8153620362281799 254.48416137695312
200.0
200.0
562 250.0 -0.0698484554886818 238.35804748535156
200.0
200.0
563 250.0 0.3115568161010742 188.12738037109375
200.0
200.0
564 250.0 0.21653884649276733 174.21621704101562
200.0
200.0
565 250.0 1.668087124824524 344.870849609375
200.0
200.0
566 250.0 -0.6502640247344971 212.55931091308594
200.0
200.0
567 250.0 1.5464056730270386 297.2954406738281
200.0
200.0
568 250.0 -0.515140950679779 228.9634552001953
200.0
200.0
569 250.0 2.0805447101593018 217.09915161132812
200.0
200.0
570 250.0 0.699042558670044 231.9264373779297
200.0
200.0
571 250.0 0.3590881824493408 230.47012329101562
200.0
200.0
572 250.0 -1.5074665546417236 224.5216522216797
200.0
200.0
573 250.0 1.435663104057312 317.2570495605469
200.0
200.0
574 250.0 -2.020477056503296 260.5602722167969
200.0
200.0
575 250.0 -2.6393184661865234 274.15997314453125
200.0
200.0
576 250.0 -1.1300071477890015 355.6544494628906
200.0
200.0
577 250.0 -0.47470343112945557 389.9472961425781
200.0
200.0
578 250.0 -1.476491093635559 317.1659240722656
200.0
200.0
579 250.0 -1.9788265228271484 230.89297485351562
200.0
200.0
580 250.0 -0.6463908553123474 296.0616149902344
200.0
200.0
581 250.0 1.7773362398147583 245.4019775390625
200.0
200.0
582 250.0 0.6442941427230835 286.5884704589844
200.0
200.0
583 250.0 0.27064526081085205 266.73614501953125
200.0
200.0
584 250.0 2.911360502243042 408.97552490234375
200.0
200.0
585 250.0 2.1895298957824707 369.6251220703125
200.0
200.0
586 250.0 -0.6069746613502502 265.8323974609375
200.0
200.0
587 250.0 -2.6883490085601807 279.6050109863281
200.0
200.0
588 250.0 -0.6438101530075073 306.1587219238281
200.0
200.0
589 250.0 0.7345893979072571 233.81089782714844
200.0
200.0
590 250.0 -2.2354979515075684 171.40765380859375
200.0
200.0
591 250.0 -0.5085749626159668 247.7564697265625
200.0
200.0
592 250.0 2.376128673553467 300.32586669921875
200.0
200.0
593 250.0 -0.90485018491745 312.0389404296875
200.0
200.0
594 250.0 0.18507562577724457 289.5382080078125
200.0
200.0
595 250.0 1.299617052078247 368.7676086425781
200.0
200.0
596 250.0 1.0539385080337524 206.87034606933594
200.0
200.0
597 250.0 2.6671531200408936 365.7245178222656
200.0
200.0
598 250.0 0.9799631237983704 179.05926513671875
200.0
200.0
599 250.0 -0.80911785364151 238.76609802246094
200.0
200.0
600 250.0 -0.2142280638217926 245.1937255859375
200.0
200.0
601 250.0 -0.9324790835380554 217.62939453125
200.0
200.0
602 250.0 -1.274132490158081 302.5701599121094
200.0
200.0
603 250.0 -3.5411221981048584 418.7960510253906
200.0
200.0
604 250.0 -6.020258903503418 576.1485595703125
200.0
200.0
605 250.0 -4.709983825683594 482.893798828125
200.0
200.0
606 250.0 0.20536836981773376 325.92901611328125
200.0
200.0
607 250.0 -0.6412415504455566 199.38143920898438
200.0
200.0
608 250.0 0.9834094047546387 375.363525390625
200.0
200.0
609 250.0 -0.20831219851970673 382.6510314941406
200.0
200.0
610 250.0 0.35137662291526794 427.90863037109375
200.0
200.0
611 250.0 2.1935207843780518 402.6092224121094
200.0
200.0
612 250.0 -1.369571328163147 393.87908935546875
200.0
200.0
613 250.0 -1.0325658321380615 505.5977478027344
200.0
200.0
614 250.0 -2.6097400188446045 645.3116455078125
200.0
200.0
615 250.0 -2.6178598403930664 865.6394653320312
200.0
200.0
616 250.0 -0.9854366183280945 749.175048828125
200.0
200.0
617 250.0 -1.2316399812698364 983.388671875
200.0
200.0
618 250.0 -0.7143451571464539 779.9364624023438
200.0
200.0
619 250.0 -1.2227855920791626 696.598388671875
200.0
200.0
620 250.0 -1.0097126960754395 901.1322021484375
200.0
200.0
621 250.0 1.7492419481277466 1026.987060546875
200.0
200.0
622 250.0 1.6821413040161133 842.7777709960938
200.0
200.0
623 250.0 1.4322783946990967 832.0272827148438
200.0
200.0
624 250.0 1.9621609449386597 674.7277221679688
200.0
200.0
625 250.0 4.260197639465332 688.2042236328125
200.0
200.0
626 250.0 5.27023458480835 565.0371704101562
200.0
200.0
627 250.0 6.258464813232422 782.9221801757812
200.0
200.0
628 250.0 6.921643257141113 660.6234130859375
200.0
200.0
629 250.0 7.69429874420166 774.9215698242188
200.0
200.0
630 250.0 9.189656257629395 914.5526123046875
200.0
200.0
631 250.0 9.745389938354492 846.2022094726562
74.0
200.0
200.0
632 166.66666666666666 7.730330467224121 871.34619140625
200.0
25.0
200.0
70.0
633 125.0 4.808411598205566 833.8720092773438
73.0
200.0
66.0
64.0
634 125.0 -1.9707839488983154 639.657958984375
200.0
200.0
635 250.0 5.383790969848633 495.1517333984375
24.0
200.0
200.0
636 166.66666666666666 1.6702500581741333 488.1954650878906
200.0
200.0
637 250.0 1.9140113592147827 358.51715087890625
71.0
200.0
200.0
638 166.66666666666666 -2.3333849906921387 545.5
200.0
200.0
639 250.0 -0.9089187383651733 334.8895568847656
200.0
200.0
640 250.0 -2.555450439453125 364.95758056640625
200.0
200.0
641 250.0 -3.563035249710083 377.5764465332031
200.0
200.0
642 250.0 -3.4540584087371826 407.5140380859375
200.0
200.0
643 250.0 -4.422895908355713 374.4754333496094
200.0
200.0
644 250.0 -2.9843223094940186 321.33978271484375
200.0
200.0
645 250.0 -1.6741628646850586 223.76419067382812
200.0
200.0
646 250.0 0.4804062843322754 215.9662322998047
200.0
200.0
647 250.0 1.9050475358963013 203.62928771972656
200.0
200.0
648 250.0 2.4473321437835693 198.58543395996094
200.0
200.0
649 250.0 3.2473552227020264 260.5041198730469
200.0
200.0
650 250.0 3.2960503101348877 253.5751190185547
200.0
200.0
651 250.0 2.950869083404541 204.57391357421875
200.0
200.0
652 250.0 2.248643636703491 159.3209686279297
200.0
200.0
653 250.0 1.2868585586547852 144.86668395996094
200.0
200.0
654 250.0 0.3652876317501068 115.08354187011719
200.0
200.0
655 250.0 -1.2434356212615967 134.12625122070312
200.0
200.0
656 250.0 -2.32049822807312 143.9730224609375
200.0
200.0
657 250.0 -2.248112201690674 126.22169494628906
200.0
200.0
658 250.0 -1.1602866649627686 84.72177124023438
200.0
200.0
659 250.0 -0.14465755224227905 102.71392822265625
200.0
200.0
660 250.0 -0.15041066706180573 82.00048065185547
200.0
200.0
661 250.0 -0.08512089401483536 58.289283752441406
200.0
200.0
662 250.0 0.16930663585662842 81.74547576904297
198.0
200.0
663 250.0 1.0865992307662964 82.05529022216797
200.0
200.0
664 250.0 1.4805927276611328 68.12560272216797
200.0
200.0
665 250.0 0.5204883813858032 59.75653076171875
200.0
200.0
666 250.0 -1.1976847648620605 58.81471252441406
200.0
200.0
667 250.0 -1.5624752044677734 51.701751708984375
200.0
200.0
668 250.0 -2.3581857681274414 95.05072021484375
21.0
200.0
200.0
669 166.66666666666666 -4.135944843292236 338.7856750488281
200.0
200.0
670 250.0 -3.21942400932312 147.12667846679688
200.0
200.0
671 250.0 -1.7609353065490723 91.73433685302734
200.0
200.0
672 250.0 -1.1781275272369385 97.15788269042969
200.0
200.0
673 250.0 -0.3017631769180298 115.17869567871094
200.0
200.0
674 250.0 0.18411053717136383 105.62290954589844
200.0
200.0
675 250.0 1.4993456602096558 108.6093978881836
200.0
200.0
676 250.0 1.9798272848129272 88.2183609008789
200.0
200.0
677 250.0 2.58846116065979 107.93162536621094
200.0
200.0
678 250.0 1.659065842628479 109.31835174560547
200.0
200.0
679 250.0 2.79646635055542 103.07454681396484
200.0
200.0
680 250.0 2.120588541030884 89.29554748535156
200.0
200.0
681 250.0 2.716237783432007 99.83485412597656
200.0
200.0
682 250.0 1.3331751823425293 53.292240142822266
200.0
200.0
683 250.0 0.38514745235443115 52.345943450927734
200.0
200.0
684 250.0 -0.7144455313682556 32.60563659667969
200.0
200.0
685 250.0 -0.7989640235900879 49.7947998046875
200.0
200.0
686 250.0 -0.802666187286377 49.65485763549805
200.0
200.0
687 250.0 -1.4767242670059204 52.21295166015625
200.0
200.0
688 250.0 -1.221932291984558 34.85947036743164
200.0
200.0
689 250.0 -0.5872283577919006 29.261348724365234
200.0
200.0
690 250.0 0.3220980167388916 46.97102737426758
200.0
200.0
19.0
691 166.66666666666666 -1.1405683755874634 299.39404296875
200.0
200.0
692 250.0 0.5952396392822266 29.829330444335938
200.0
200.0
693 250.0 -0.47164586186408997 47.767574310302734
200.0
200.0
694 250.0 -1.2839308977127075 54.68750762939453
200.0
200.0
695 250.0 -1.3919200897216797 40.59478759765625
200.0
200.0
696 250.0 -0.46631181240081787 30.709257125854492
200.0
200.0
697 250.0 1.2203729152679443 34.65609359741211
200.0
200.0
698 250.0 0.8358218669891357 32.70094680786133
200.0
200.0
699 250.0 1.3610321283340454 31.649324417114258
200.0
200.0
700 250.0 0.819583535194397 65.94538879394531
200.0
200.0
701 250.0 0.4080393314361572 30.135446548461914
200.0
200.0
702 250.0 -0.011419829912483692 30.718915939331055
200.0
200.0
703 250.0 -0.062037207186222076 29.14177131652832
200.0
200.0
704 250.0 -0.8971602916717529 24.817562103271484
200.0
200.0
705 250.0 -0.42706498503685 20.040578842163086
200.0
200.0
706 250.0 0.15203061699867249 21.02678680419922
200.0
200.0
707 250.0 0.5016325116157532 17.140403747558594
200.0
200.0
708 250.0 -0.8730771541595459 30.910627365112305
200.0
200.0
709 250.0 0.7576963901519775 28.275541305541992
200.0
200.0
710 250.0 0.2689788341522217 19.225130081176758
200.0
200.0
711 250.0 0.14999236166477203 21.609817504882812
200.0
200.0
712 250.0 0.13559752702713013 16.598188400268555
200.0
200.0
713 250.0 -0.15892164409160614 23.362016677856445
200.0
200.0
714 250.0 -2.0055432319641113 40.3725471496582
200.0
200.0
715 250.0 -1.8830194473266602 50.655067443847656
200.0
200.0
716 250.0 -1.3436484336853027 36.5820198059082
200.0
200.0
717 250.0 -0.3691544532775879 21.106290817260742
200.0
200.0
718 250.0 0.02623201534152031 17.238317489624023
200.0
200.0
719 250.0 0.3032000958919525 27.91356086730957
200.0
200.0
720 250.0 1.5600614547729492 32.685298919677734
200.0
200.0
721 250.0 1.1969245672225952 32.40491485595703
200.0
200.0
722 250.0 0.31012988090515137 15.834209442138672
200.0
200.0
723 250.0 0.3679264783859253 45.49184036254883
200.0
200.0
724 250.0 -0.645737886428833 30.357826232910156
200.0
200.0
725 250.0 -0.18806828558444977 17.99459457397461
200.0
200.0
726 250.0 -0.5197553634643555 19.24258804321289
200.0
200.0
727 250.0 1.0421656370162964 25.424610137939453
200.0
200.0
728 250.0 -0.07353103160858154 16.267568588256836
200.0
200.0
729 250.0 0.4818725287914276 15.274977684020996
200.0
200.0
730 250.0 0.7866743803024292 18.154193878173828
200.0
200.0
731 250.0 -0.0258208978921175 20.791059494018555
200.0
200.0
732 250.0 -0.5331486463546753 27.491334915161133
200.0
200.0
733 250.0 -0.4268529415130615 12.91308879852295
200.0
200.0
734 250.0 -0.3259757161140442 21.911466598510742
200.0
200.0
735 250.0 -0.4373771846294403 28.00997543334961
200.0
200.0
736 250.0 0.7521533370018005 13.434575080871582
200.0
200.0
737 250.0 -0.6269049048423767 23.450162887573242
200.0
200.0
738 250.0 1.409494400024414 32.150787353515625
200.0
200.0
739 250.0 0.6795598864555359 16.711284637451172
200.0
200.0
740 250.0 0.32421737909317017 33.86214828491211
200.0
200.0
741 250.0 0.05071592330932617 33.002899169921875
200.0
200.0
742 250.0 -0.3975949287414551 27.946889877319336
200.0
200.0
743 250.0 -0.8708961009979248 29.687646865844727
200.0
200.0
744 250.0 -1.1568607091903687 46.2891845703125
200.0
200.0
745 250.0 -0.24294444918632507 18.792673110961914
200.0
200.0
746 250.0 -0.30093666911125183 15.14270305633545
200.0
200.0
747 250.0 1.027551531791687 26.61139488220215
200.0
200.0
748 250.0 2.2020914554595947 68.3906021118164
200.0
200.0
749 250.0 2.01426100730896 45.490169525146484
200.0
200.0
750 250.0 2.7841696739196777 80.95773315429688
200.0
200.0
751 250.0 2.3645617961883545 79.75174713134766
200.0
200.0
752 250.0 2.887951612472534 109.57205200195312
200.0
200.0
753 250.0 1.4100576639175415 47.70469284057617
200.0
200.0
754 250.0 0.9795402884483337 53.94704055786133
200.0
200.0
755 250.0 -0.45157837867736816 46.49964904785156
200.0
200.0
756 250.0 -1.181825876235962 35.34459686279297
200.0
200.0
757 250.0 -1.3947820663452148 33.70028305053711
200.0
200.0
758 250.0 -1.388428807258606 35.98082733154297
200.0
200.0
759 250.0 0.43548789620399475 61.75490951538086
200.0
200.0
760 250.0 -0.5790258646011353 47.55771255493164
200.0
200.0
761 250.0 -0.25680574774742126 34.57718276977539
200.0
200.0
762 250.0 -0.018015628680586815 27.21584701538086
200.0
200.0
763 250.0 1.0103352069854736 42.82941436767578
200.0
200.0
764 250.0 0.6878761649131775 19.692296981811523
200.0
200.0
765 250.0 -0.04075593501329422 12.74250316619873
200.0
200.0
766 250.0 -0.7461724281311035 17.096141815185547
200.0
200.0
767 250.0 -1.0880376100540161 19.13010597229004
200.0
200.0
768 250.0 -0.7091032862663269 18.16535758972168
200.0
200.0
769 250.0 -1.5723882913589478 46.891754150390625
200.0
200.0
770 250.0 -1.191702127456665 45.887943267822266
200.0
200.0
771 250.0 -0.40905487537384033 52.79118347167969
200.0
200.0
772 250.0 0.4434822201728821 40.5442008972168
200.0
200.0
773 250.0 0.476784884929657 78.19037628173828
200.0
200.0
774 250.0 0.6336374878883362 45.67460250854492
200.0
200.0
775 250.0 0.9251099824905396 38.83210372924805
200.0
200.0
776 250.0 0.9745619893074036 47.14605712890625
200.0
200.0
777 250.0 0.6188082695007324 31.524850845336914
200.0
200.0
778 250.0 -0.2726016044616699 43.12938690185547
200.0
200.0
779 250.0 0.18332001566886902 16.204803466796875
200.0
200.0
780 250.0 0.3712790012359619 19.42636489868164
200.0
200.0
781 250.0 0.5078747272491455 11.659602165222168
200.0
200.0
782 250.0 -2.0224077701568604 52.649757385253906
200.0
200.0
783 250.0 -2.025689125061035 57.44872283935547
200.0
200.0
784 250.0 -0.9627133011817932 13.83354377746582
200.0
200.0
785 250.0 -0.4253677427768707 10.055115699768066
200.0
200.0
786 250.0 -1.102297306060791 18.3055362701416
200.0
200.0
787 250.0 -1.1684242486953735 21.47392463684082
200.0
200.0
788 250.0 0.16101521253585815 15.081865310668945
200.0
200.0
789 250.0 0.34425437450408936 16.328475952148438
200.0
200.0
790 250.0 -0.11331832408905029 23.443544387817383
200.0
200.0
791 250.0 0.8656963109970093 41.486759185791016
200.0
200.0
792 250.0 0.5429149270057678 19.78478240966797
200.0
200.0
793 250.0 -0.559427797794342 24.98419189453125
200.0
200.0
794 250.0 -0.19071446359157562 36.710453033447266
200.0
200.0
795 250.0 0.6991890072822571 41.752323150634766
200.0
200.0
796 250.0 -1.069244623184204 40.88949966430664
200.0
200.0
797 250.0 -0.22138157486915588 38.89289474487305
200.0
200.0
798 250.0 1.0850249528884888 48.12936019897461
200.0
200.0
799 250.0 0.5233271718025208 25.602397918701172
200.0
200.0
800 250.0 1.0756794214248657 38.450958251953125
200.0
200.0
801 250.0 -1.0615639686584473 36.51447677612305
200.0
200.0
802 250.0 -0.27424803376197815 19.612606048583984
200.0
200.0
803 250.0 -0.8122381567955017 19.47549819946289
200.0
200.0
804 250.0 -0.5625135898590088 22.77875518798828
200.0
200.0
805 250.0 -0.3093153238296509 34.16781234741211
200.0
200.0
806 250.0 1.5150443315505981 36.850406646728516
200.0
200.0
807 250.0 -0.2155083268880844 25.68072509765625
200.0
200.0
808 250.0 0.7737143635749817 24.95041275024414
200.0
200.0
809 250.0 1.4014592170715332 48.83065414428711
200.0
200.0
810 250.0 1.493402361869812 48.14542007446289
200.0
200.0
811 250.0 1.4679241180419922 39.2701416015625
200.0
200.0
812 250.0 0.50291508436203 15.99088191986084
200.0
200.0
813 250.0 0.9774087071418762 36.690670013427734
200.0
200.0
814 250.0 -0.7893890142440796 17.580123901367188
200.0
200.0
815 250.0 -0.8741064667701721 23.319732666015625
200.0
200.0
816 250.0 -1.0944969654083252 30.90841293334961
200.0
200.0
817 250.0 -1.3416545391082764 25.183095932006836
200.0
200.0
818 250.0 -1.3733956813812256 63.76207733154297
200.0
200.0
819 250.0 -0.8254250884056091 34.41515350341797
200.0
200.0
820 250.0 -0.6424044370651245 31.82499885559082
200.0
200.0
821 250.0 -1.4222919940948486 52.30584716796875
200.0
200.0
822 250.0 0.46878689527511597 48.60982131958008
200.0
200.0
823 250.0 -0.19014941155910492 43.26289367675781
200.0
200.0
824 250.0 0.04591161757707596 71.32315826416016
200.0
200.0
825 250.0 -0.5604744553565979 105.45097351074219
200.0
200.0
826 250.0 1.0378226041793823 69.1734619140625
200.0
200.0
827 250.0 -0.01353617012500763 55.01322555541992
200.0
200.0
828 250.0 0.3545920252799988 68.9355697631836
200.0
200.0
829 250.0 0.06149304658174515 52.372886657714844
200.0
200.0
830 250.0 0.685656726360321 49.87407302856445
200.0
200.0
831 250.0 0.5352612137794495 45.18291091918945
200.0
200.0
832 250.0 0.7548729777336121 40.917911529541016
200.0
200.0
833 250.0 0.9410678744316101 36.2568473815918
200.0
200.0
834 250.0 -0.751140296459198 58.41444778442383
200.0
200.0
835 250.0 -0.7262493371963501 29.504552841186523
200.0
200.0
836 250.0 -0.05189048498868942 38.54474639892578
200.0
200.0
837 250.0 -0.18195873498916626 43.26040267944336
200.0
200.0
838 250.0 -0.3732261657714844 31.29174041748047
200.0
200.0
839 250.0 0.9842960834503174 50.08562469482422
200.0
200.0
840 250.0 0.8452306985855103 52.03725814819336
200.0
200.0
841 250.0 2.082080602645874 71.83618927001953
200.0
200.0
842 250.0 1.172860026359558 37.936649322509766
200.0
200.0
843 250.0 3.0104591846466064 128.1705780029297
200.0
200.0
844 250.0 2.4342381954193115 107.37376403808594
200.0
200.0
845 250.0 1.5108715295791626 62.433685302734375
200.0
200.0
846 250.0 1.4413046836853027 81.23300170898438
200.0
200.0
847 250.0 0.17239542305469513 31.057287216186523
200.0
200.0
848 250.0 -0.5021979212760925 32.69702911376953
200.0
200.0
849 250.0 -2.5056114196777344 72.04721069335938
200.0
200.0
850 250.0 -0.871243417263031 43.11712646484375
200.0
200.0
851 250.0 0.2311326265335083 37.19077682495117
200.0
200.0
852 250.0 -1.6959905624389648 41.95337677001953
200.0
200.0
853 250.0 -0.7439762949943542 31.79193115234375
200.0
200.0
854 250.0 -0.7008013129234314 18.245956420898438
200.0
200.0
855 250.0 -0.5217409729957581 50.695613861083984
200.0
200.0
856 250.0 -0.3629560172557831 19.41817855834961
200.0
200.0
857 250.0 1.026646614074707 45.37394714355469
200.0
200.0
858 250.0 2.2689898014068604 61.63359069824219
200.0
200.0
859 250.0 -0.4742549955844879 57.83359146118164
200.0
200.0
860 250.0 1.737579107284546 47.435546875
200.0
200.0
861 250.0 0.8401258587837219 46.72945785522461
200.0
200.0
862 250.0 0.7238413691520691 61.132652282714844
200.0
200.0
863 250.0 -0.7537145018577576 74.3141860961914
200.0
200.0
864 250.0 -1.2049949169158936 84.57467651367188
200.0
200.0
865 250.0 -0.04666133224964142 54.49269485473633
200.0
200.0
866 250.0 -1.1479949951171875 102.2585220336914
200.0
200.0
867 250.0 0.3088952600955963 43.62294387817383
200.0
200.0
868 250.0 -0.16283100843429565 52.10255432128906
200.0
200.0
869 250.0 0.21635571122169495 37.810115814208984
200.0
200.0
870 250.0 0.29359954595565796 37.154598236083984
200.0
200.0
871 250.0 0.5084356069564819 29.198816299438477
200.0
200.0
872 250.0 1.5501877069473267 33.15013122558594
200.0
200.0
873 250.0 1.4593193531036377 23.084182739257812
200.0
200.0
874 250.0 1.644134521484375 43.03988265991211
200.0
200.0
875 250.0 0.4285740852355957 17.96225929260254
200.0
200.0
876 250.0 -2.2683236598968506 48.7474250793457
200.0
200.0
877 250.0 -0.9682510495185852 67.37362670898438
200.0
200.0
878 250.0 -1.8074263334274292 41.69976806640625
200.0
200.0
879 250.0 -1.897769808769226 39.30282974243164
200.0
200.0
880 250.0 -0.9904728531837463 30.7382755279541
200.0
200.0
881 250.0 -3.0167741775512695 58.148983001708984
200.0
200.0
882 250.0 -2.9342029094696045 69.22865295410156
200.0
200.0
883 250.0 -2.5326614379882812 77.43070983886719
200.0
200.0
884 250.0 -3.319465160369873 140.26609802246094
200.0
200.0
885 250.0 -3.315091133117676 195.8779754638672
200.0
200.0
886 250.0 -2.6767873764038086 168.14010620117188
200.0
200.0
887 250.0 -1.9995824098587036 162.98519897460938
200.0
200.0
888 250.0 -0.9090081453323364 179.85406494140625
200.0
200.0
889 250.0 -1.2281471490859985 238.51507568359375
200.0
200.0
890 250.0 -0.4954529404640198 261.97259521484375
200.0
200.0
891 250.0 1.0971401929855347 178.14292907714844
200.0
200.0
892 250.0 0.67145174741745 231.8614501953125
200.0
200.0
893 250.0 3.808861017227173 212.12281799316406
200.0
200.0
894 250.0 3.9293057918548584 193.5679931640625
200.0
200.0
895 250.0 5.192375183105469 231.32730102539062
200.0
200.0
896 250.0 6.8795318603515625 322.50762939453125
200.0
200.0
897 250.0 5.186672687530518 190.59353637695312
200.0
200.0
898 250.0 7.543430328369141 404.353271484375
200.0
200.0
899 250.0 6.895547866821289 353.96929931640625
200.0
200.0
900 250.0 5.380222797393799 226.8824005126953
200.0
200.0
901 250.0 3.267970323562622 99.92668151855469
200.0
200.0
902 250.0 1.8738971948623657 83.2591323852539
200.0
200.0
903 250.0 0.3020675778388977 96.7093276977539
200.0
200.0
904 250.0 -0.9762686491012573 81.2408218383789
200.0
200.0
905 250.0 -3.0268123149871826 247.56239318847656
200.0
200.0
906 250.0 -5.644845962524414 544.7824096679688
200.0
200.0
907 250.0 -5.8781609535217285 457.7381591796875
200.0
200.0
908 250.0 -7.721621036529541 799.3551635742188
200.0
200.0
909 250.0 -9.95114517211914 1114.673095703125
200.0
200.0
910 250.0 -9.3682222366333 1183.1143798828125
200.0
200.0
911 250.0 -8.846248626708984 1160.484375
200.0
200.0
912 250.0 -7.46207857131958 950.0606079101562
200.0
200.0
913 250.0 -6.489480018615723 856.8770141601562
200.0
200.0
914 250.0 -4.9688005447387695 744.1892700195312
200.0
200.0
915 250.0 -6.813394546508789 766.0276489257812
200.0
200.0
916 250.0 -4.668307781219482 679.663818359375
200.0
200.0
917 250.0 -2.899244546890259 540.5531616210938
200.0
200.0
918 250.0 -0.6022158861160278 423.9702453613281
200.0
200.0
919 250.0 2.380432367324829 311.8351745605469
200.0
200.0
920 250.0 3.810746431350708 295.5176696777344
200.0
200.0
921 250.0 5.56150484085083 375.4096374511719
200.0
200.0
922 250.0 9.216930389404297 567.9619750976562
200.0
200.0
923 250.0 8.216217041015625 575.8284912109375
200.0
200.0
924 250.0 9.773446083068848 638.3287353515625
200.0
200.0
925 250.0 11.318404197692871 815.0990600585938
200.0
200.0
926 250.0 10.638057708740234 781.2323608398438
200.0
200.0
927 250.0 13.488899230957031 1152.7412109375
200.0
200.0
928 250.0 13.807863235473633 1369.8184814453125
200.0
200.0
929 250.0 14.58935260772705 1481.8621826171875
200.0
200.0
930 250.0 15.95676040649414 1615.03857421875
200.0
200.0
931 250.0 16.67165756225586 1768.5574951171875
200.0
200.0
932 250.0 16.95008659362793 1815.1722412109375
14.0
192.0
200.0
13.0
10.0
933 100.0 12.284836769104004 2069.09033203125
9.0
15.0
10.0
10.0
11.0
10.0
11.0
10.0
12.0
10.0
15.0
11.0
11.0
11.0
11.0
11.0
10.0
11.0
10.0
10.0
11.0
12.0
11.0
13.0
163.0
12.0
12.0
10.0
11.0
14.0
11.0
934 16.129032258064516 -3.88004469871521 3487.258056640625
10.0
10.0
9.0
10.0
10.0
11.0
9.0
10.0
10.0
9.0
10.0
9.0
11.0
9.0
9.0
10.0
11.0
11.0
10.0
12.0
11.0
10.0
10.0
9.0
10.0
11.0
10.0
10.0
11.0
11.0
11.0
10.0
12.0
9.0
10.0
10.0
12.0
10.0
11.0
10.0
11.0
9.0
11.0
11.0
12.0
10.0
10.0
11.0
935 10.416666666666666 -11.987273216247559 4383.103515625
9.0
9.0
10.0
10.0
8.0
10.0
10.0
10.0
9.0
10.0
9.0
10.0
8.0
10.0
9.0
10.0
10.0
9.0
10.0
9.0
8.0
10.0
9.0
10.0
10.0
9.0
9.0
8.0
8.0
9.0
9.0
9.0
8.0
9.0
9.0
9.0
9.0
8.0
10.0
9.0
9.0
10.0
9.0
10.0
10.0
8.0
10.0
9.0
8.0
9.0
10.0
9.0
9.0
10.0
936 9.25925925925926 -8.468076705932617 4085.7421875
10.0
9.0
11.0
10.0
9.0
9.0
9.0
10.0
10.0
10.0
9.0
10.0
8.0
8.0
10.0
11.0
10.0
9.0
9.0
10.0
10.0
8.0
9.0
10.0
9.0
10.0
8.0
10.0
9.0
9.0
9.0
10.0
10.0
9.0
10.0
9.0
11.0
9.0
10.0
8.0
9.0
10.0
10.0
8.0
10.0
10.0
10.0
9.0
10.0
11.0
10.0
8.0
937 9.615384615384615 -0.005349218845367432 3563.458251953125
9.0
10.0
8.0
9.0
10.0
10.0
9.0
10.0
8.0
10.0
10.0
10.0
9.0
8.0
9.0
10.0
10.0
9.0
9.0
9.0
10.0
8.0
9.0
9.0
10.0
8.0
9.0
11.0
10.0
9.0
10.0
8.0
10.0
10.0
10.0
8.0
10.0
10.0
10.0
9.0
8.0
9.0
9.0
9.0
10.0
10.0
8.0
10.0
9.0
10.0
10.0
10.0
9.0
938 9.433962264150944 -7.099570939317346e-05 3101.10107421875
9.0
8.0
8.0
11.0
8.0
9.0
10.0
10.0
9.0
9.0
10.0
9.0
11.0
10.0
10.0
8.0
10.0
9.0
10.0
9.0
10.0
10.0
9.0
10.0
9.0
10.0
8.0
10.0
10.0
9.0
9.0
9.0
10.0
10.0
9.0
9.0
9.0
9.0
9.0
9.0
9.0
10.0
9.0
10.0
9.0
10.0
9.0
10.0
10.0
8.0
10.0
9.0
9.0
939 9.433962264150944 -3.387310243851971e-06 2599.148681640625
9.0
10.0
8.0
9.0
9.0
9.0
10.0
10.0
9.0
9.0
8.0
10.0
9.0
10.0
11.0
9.0
10.0
8.0
10.0
11.0
10.0
9.0
11.0
10.0
9.0
9.0
10.0
10.0
10.0
10.0
9.0
9.0
9.0
9.0
10.0
10.0
10.0
9.0
10.0
9.0
9.0
9.0
9.0
9.0
9.0
9.0
10.0
9.0
10.0
10.0
8.0
8.0
9.0
940 9.433962264150944 -3.9350123870462994e-07 2093.719970703125
8.0
9.0
9.0
10.0
9.0
9.0
10.0
8.0
10.0
9.0
8.0
11.0
10.0
9.0
10.0
8.0
10.0
9.0
10.0
10.0
10.0
9.0
10.0
10.0
10.0
9.0
8.0
8.0
10.0
9.0
8.0
9.0
10.0
8.0
10.0
10.0
9.0
9.0
9.0
10.0
9.0
9.0
10.0
9.0
10.0
9.0
10.0
9.0
9.0
9.0
10.0
10.0
9.0
941 9.433962264150944 -0.0 1671.49609375
10.0
10.0
9.0
10.0
9.0
9.0
9.0
9.0
9.0
9.0
9.0
9.0
10.0
9.0
9.0
10.0
10.0
9.0
10.0
9.0
9.0
8.0
9.0
9.0
10.0
9.0
9.0
9.0
9.0
9.0
9.0
11.0
8.0
9.0
8.0
9.0
9.0
9.0
10.0
10.0
11.0
9.0
9.0
10.0
9.0
9.0
9.0
9.0
8.0
10.0
10.0
9.0
11.0
8.0
942 9.25925925925926 -0.0 1403.29931640625
10.0
9.0
9.0
8.0
9.0
9.0
10.0
10.0
10.0
9.0
10.0
10.0
9.0
9.0
10.0
10.0
9.0
10.0
10.0
9.0
9.0
10.0
10.0
9.0
10.0
8.0
10.0
11.0
9.0
9.0
9.0
10.0
10.0
9.0
8.0
10.0
10.0
9.0
10.0
9.0
10.0
10.0
9.0
9.0
9.0
10.0
10.0
9.0
10.0
9.0
9.0
9.0
943 9.615384615384615 -0.0 1129.7547607421875
9.0
9.0
8.0
10.0
8.0
9.0
8.0
8.0
8.0
9.0
9.0
9.0
10.0
10.0
8.0
9.0
10.0
10.0
9.0
8.0
9.0
9.0
10.0
10.0
9.0
9.0
10.0
9.0
9.0
10.0
9.0
10.0
9.0
10.0
10.0
8.0
9.0
11.0
10.0
10.0
9.0
10.0
9.0
9.0
9.0
10.0
8.0
9.0
9.0
9.0
9.0
9.0
10.0
8.0
944 9.25925925925926 -0.0 990.4617309570312
8.0
10.0
9.0
9.0
10.0
9.0
10.0
9.0
9.0
8.0
10.0
9.0
9.0
10.0
8.0
10.0
9.0
10.0
11.0
9.0
9.0
10.0
10.0
10.0
8.0
10.0
10.0
10.0
9.0
10.0
10.0
8.0
9.0
9.0
9.0
9.0
10.0
9.0
9.0
8.0
10.0
10.0
10.0
10.0
10.0
8.0
9.0
11.0
9.0
8.0
10.0
8.0
9.0
945 9.433962264150944 -0.0 808.425537109375
9.0
10.0
10.0
9.0
10.0
9.0
9.0
10.0
9.0
9.0
10.0
9.0
10.0
9.0
8.0
10.0
9.0
9.0
9.0
10.0
10.0
10.0
10.0
10.0
9.0
8.0
9.0
9.0
8.0
9.0
10.0
10.0
10.0
8.0
9.0
8.0
9.0
10.0
9.0
11.0
11.0
10.0
9.0
10.0
9.0
9.0
9.0
9.0
10.0
10.0
9.0
10.0
10.0
946 9.433962264150944 -0.0 666.4432983398438
10.0
10.0
8.0
10.0
10.0
10.0
9.0
10.0
10.0
8.0
9.0
10.0
11.0
9.0
9.0
10.0
8.0
8.0
11.0
10.0
8.0
10.0
10.0
10.0
9.0
8.0
10.0
8.0
10.0
10.0
10.0
10.0
10.0
10.0
10.0
10.0
9.0
9.0
10.0
9.0
9.0
10.0
10.0
9.0
10.0
9.0
9.0
10.0
8.0
8.0
10.0
10.0
947 9.615384615384615 -0.0 548.23876953125
10.0
10.0
9.0
9.0
9.0
10.0
10.0
9.0
11.0
11.0
8.0
10.0
10.0
9.0
9.0
10.0
10.0
10.0
10.0
10.0
9.0
9.0
9.0
10.0
8.0
10.0
10.0
9.0
9.0
9.0
9.0
10.0
9.0
10.0
10.0
10.0
9.0
9.0
9.0
10.0
9.0
8.0
10.0
10.0
8.0
8.0
9.0
10.0
10.0
9.0
10.0
10.0
948 9.615384615384615 -0.0 464.7252197265625
10.0
10.0
9.0
10.0
9.0
10.0
10.0
9.0
9.0
10.0
9.0
10.0
10.0
10.0
10.0
9.0
9.0
9.0
9.0
8.0
10.0
9.0
9.0
10.0
10.0
8.0
10.0
10.0
10.0
10.0
10.0
9.0
8.0
9.0
8.0
10.0
8.0
10.0
8.0
8.0
10.0
8.0
10.0
10.0
9.0
9.0
9.0
9.0
10.0
9.0
9.0
8.0
9.0
949 9.433962264150944 -0.0 386.6259460449219
9.0
10.0
8.0
9.0
9.0
10.0
11.0
10.0
10.0
9.0
10.0
8.0
9.0
8.0
10.0
9.0
8.0
9.0
10.0
10.0
9.0
9.0
10.0
9.0
10.0
9.0
10.0
10.0
9.0
10.0
10.0
9.0
9.0
9.0
9.0
10.0
10.0
9.0
9.0
9.0
10.0
10.0
9.0
10.0
10.0
9.0
10.0
9.0
10.0
10.0
11.0
9.0
950 9.615384615384615 -0.0 320.021240234375
10.0
10.0
9.0
10.0
10.0
10.0
11.0
10.0
10.0
10.0
11.0
10.0
9.0
9.0
10.0
8.0
10.0
11.0
11.0
8.0
10.0
9.0
8.0
9.0
10.0
10.0
10.0
10.0
10.0
8.0
10.0
9.0
9.0
10.0
10.0
9.0
10.0
9.0
10.0
9.0
10.0
10.0
10.0
8.0
9.0
10.0
11.0
9.0
9.0
10.0
8.0
8.0
951 9.615384615384615 -0.0 255.06674194335938
10.0
10.0
10.0
9.0
10.0
9.0
10.0
9.0
8.0
10.0
11.0
9.0
10.0
9.0
8.0
9.0
8.0
10.0
9.0
9.0
9.0
9.0
9.0
9.0
9.0
9.0
11.0
8.0
9.0
10.0
10.0
9.0
9.0
9.0
10.0
8.0
9.0
10.0
8.0
11.0
9.0
8.0
10.0
10.0
10.0
10.0
10.0
10.0
10.0
10.0
10.0
8.0
10.0
952 9.433962264150944 -0.0 218.59043884277344
10.0
10.0
10.0
10.0
9.0
10.0
10.0
10.0
10.0
10.0
10.0
8.0
10.0
10.0
9.0
10.0
8.0
9.0
9.0
10.0
10.0
9.0
9.0
9.0
11.0
10.0
9.0
9.0
8.0
10.0
10.0
10.0
10.0
9.0
8.0
10.0
9.0
9.0
9.0
10.0
10.0
10.0
9.0
9.0
9.0
8.0
10.0
11.0
10.0
9.0
8.0
8.0
9.0
953 9.433962264150944 -0.0 173.11056518554688
9.0
10.0
10.0
10.0
8.0
10.0
9.0
10.0
10.0
10.0
9.0
10.0
11.0
9.0
10.0
9.0
9.0
8.0
8.0
9.0
9.0
10.0
10.0
9.0
10.0
9.0
9.0
10.0
10.0
8.0
8.0
8.0
10.0
10.0
10.0
9.0
10.0
8.0
10.0
10.0
10.0
9.0
10.0
9.0
9.0
10.0
10.0
10.0
9.0
9.0
9.0
10.0
9.0
954 9.433962264150944 -0.0 120.30585479736328
10.0
8.0
10.0
9.0
9.0
9.0
9.0
9.0
8.0
10.0
10.0
9.0
9.0
9.0
8.0
9.0
9.0
9.0
9.0
10.0
9.0
9.0
10.0
9.0
10.0
10.0
9.0
9.0
9.0
10.0
10.0
9.0
10.0
10.0
9.0
9.0
9.0
10.0
9.0
9.0
8.0
9.0
10.0
10.0
8.0
10.0
10.0
10.0
9.0
9.0
10.0
9.0
8.0
8.0
955 9.25925925925926 -0.0 103.64960479736328
9.0
9.0
10.0
8.0
10.0
8.0
10.0
10.0
9.0
9.0
9.0
9.0
9.0
10.0
9.0
10.0
10.0
9.0
9.0
10.0
8.0
10.0
9.0
9.0
9.0
10.0
9.0
9.0
10.0
9.0
8.0
9.0
8.0
10.0
10.0
9.0
9.0
10.0
10.0
10.0
8.0
9.0
9.0
8.0
9.0
10.0
11.0
9.0
10.0
9.0
9.0
9.0
10.0
8.0
956 9.25925925925926 -0.0 76.93987274169922
9.0
9.0
9.0
9.0
8.0
9.0
10.0
9.0
10.0
10.0
10.0
8.0
10.0
9.0
10.0
10.0
9.0
9.0
9.0
9.0
9.0
10.0
10.0
9.0
11.0
10.0
9.0
9.0
8.0
9.0
10.0
10.0
8.0
10.0
9.0
8.0
10.0
10.0
11.0
10.0
10.0
9.0
10.0
9.0
10.0
10.0
9.0
10.0
9.0
9.0
11.0
10.0
9.0
957 9.433962264150944 -0.0 67.580810546875
9.0
10.0
9.0
10.0
9.0
9.0
9.0
8.0
9.0
9.0
10.0
10.0
10.0
9.0
10.0
10.0
9.0
9.0
9.0
9.0
9.0
10.0
9.0
10.0
10.0
10.0
8.0
10.0
9.0
10.0
8.0
9.0
10.0
11.0
10.0
10.0
9.0
9.0
9.0
10.0
10.0
9.0
9.0
9.0
8.0
10.0
10.0
9.0
9.0
8.0
9.0
10.0
8.0
958 9.433962264150944 -0.0 38.724754333496094
10.0
10.0
10.0
9.0
10.0
9.0
10.0
9.0
10.0
9.0
10.0
10.0
10.0
10.0
10.0
10.0
9.0
8.0
9.0
10.0
9.0
10.0
10.0
10.0
9.0
8.0
10.0
10.0
9.0
9.0
10.0
10.0
10.0
11.0
10.0
8.0
9.0
11.0
10.0
10.0
9.0
10.0
9.0
9.0
9.0
10.0
10.0
9.0
10.0
10.0
9.0
8.0
959 9.615384615384615 -0.0 30.8339900970459
8.0
9.0
10.0
9.0
9.0
10.0
9.0
10.0
9.0
11.0
8.0
10.0
8.0
9.0
10.0
10.0
9.0
10.0
9.0
9.0
8.0
9.0
9.0
10.0
9.0
9.0
9.0
9.0
10.0
10.0
8.0
9.0
9.0
10.0
10.0
11.0
9.0
8.0
10.0
9.0
10.0
10.0
10.0
10.0
9.0
8.0
10.0
10.0
10.0
10.0
10.0
10.0
9.0
960 9.433962264150944 -0.0 26.111377716064453
8.0
11.0
9.0
10.0
9.0
9.0
10.0
10.0
10.0
9.0
8.0
10.0
9.0
9.0
11.0
10.0
9.0
9.0
10.0
9.0
11.0
10.0
9.0
9.0
9.0
9.0
10.0
9.0
9.0
9.0
8.0
10.0
10.0
9.0
9.0
10.0
10.0
9.0
9.0
9.0
8.0
10.0
11.0
9.0
9.0
9.0
9.0
10.0
9.0
10.0
9.0
9.0
10.0
961 9.433962264150944 -0.0 22.388715744018555
10.0
10.0
9.0
8.0
8.0
10.0
10.0
9.0
9.0
9.0
10.0
10.0
10.0
9.0
10.0
10.0
10.0
9.0
10.0
8.0
9.0
9.0
10.0
11.0
10.0
9.0
9.0
10.0
9.0
9.0
9.0
10.0
9.0
10.0
10.0
9.0
10.0
9.0
9.0
10.0
9.0
9.0
10.0
11.0
8.0
8.0
9.0
9.0
10.0
10.0
10.0
10.0
962 9.615384615384615 -0.0 21.79372787475586
10.0
10.0
9.0
9.0
9.0
10.0
10.0
9.0
9.0
10.0
9.0
8.0
9.0
10.0
8.0
10.0
9.0
10.0
11.0
10.0
9.0
10.0
9.0
10.0
9.0
10.0
8.0
10.0
10.0
10.0
10.0
8.0
10.0
10.0
9.0
9.0
8.0
9.0
8.0
9.0
8.0
10.0
9.0
8.0
10.0
9.0
9.0
8.0
9.0
9.0
10.0
9.0
9.0
9.0
963 9.25925925925926 -0.0 21.500520706176758
9.0
9.0
10.0
9.0
10.0
9.0
10.0
9.0
9.0
10.0
10.0
9.0
10.0
10.0
10.0
9.0
8.0
9.0
10.0
9.0
9.0
9.0
8.0
10.0
10.0
10.0
9.0
8.0
10.0
10.0
8.0
10.0
9.0
9.0
10.0
9.0
9.0
8.0
10.0
11.0
9.0
9.0
9.0
9.0
10.0
8.0
9.0
10.0
9.0
8.0
9.0
9.0
10.0
964 9.433962264150944 -0.0 21.482839584350586
8.0
10.0
8.0
10.0
9.0
10.0
9.0
10.0
10.0
10.0
10.0
9.0
10.0
9.0
10.0
10.0
10.0
10.0
10.0
10.0
9.0
11.0
9.0
9.0
9.0
8.0
9.0
10.0
9.0
9.0
9.0
10.0
9.0
10.0
8.0
8.0
9.0
9.0
9.0
9.0
9.0
8.0
9.0
8.0
9.0
10.0
10.0
10.0
10.0
8.0
10.0
8.0
9.0
8.0
965 9.25925925925926 -0.0 21.96632194519043
8.0
9.0
9.0
10.0
10.0
10.0
9.0
9.0
10.0
9.0
10.0
9.0
9.0
8.0
10.0
9.0
10.0
10.0
9.0
10.0
10.0
8.0
9.0
10.0
10.0
8.0
8.0
9.0
9.0
8.0
8.0
8.0
11.0
9.0
9.0
10.0
9.0
10.0
9.0
10.0
10.0
10.0
10.0
8.0
9.0
9.0
8.0
11.0
11.0
10.0
9.0
8.0
9.0
9.0
966 9.25925925925926 -0.0 21.997724533081055
8.0
9.0
9.0
9.0
10.0
9.0
9.0
11.0
10.0
8.0
10.0
9.0
9.0
9.0
9.0
8.0
10.0
9.0
9.0
10.0
10.0
10.0
11.0
9.0
9.0
9.0
8.0
9.0
10.0
11.0
10.0
10.0
8.0
10.0
10.0
9.0
9.0
9.0
10.0
10.0
10.0
10.0
10.0
8.0
10.0
8.0
8.0
10.0
9.0
9.0
10.0
8.0
10.0
967 9.433962264150944 -0.0 20.80103302001953
9.0
10.0
10.0
10.0
10.0
9.0
9.0
10.0
9.0
10.0
10.0
8.0
10.0
10.0
8.0
8.0
9.0
9.0
10.0
8.0
10.0
10.0
8.0
9.0
9.0
8.0
10.0
10.0
10.0
9.0
8.0
11.0
8.0
9.0
10.0
9.0
10.0
9.0
10.0
10.0
10.0
8.0
10.0
10.0
10.0
10.0
9.0
9.0
9.0
9.0
8.0
10.0
9.0
968 9.433962264150944 -0.0 19.45277976989746
10.0
9.0
9.0
9.0
9.0
11.0
9.0
10.0
10.0
9.0
9.0
10.0
10.0
10.0
9.0
10.0
9.0
10.0
8.0
10.0
9.0
9.0
9.0
10.0
8.0
9.0
9.0
8.0
8.0
10.0
10.0
9.0
9.0
9.0
10.0
10.0
10.0
9.0
9.0
10.0
10.0
10.0
9.0
9.0
10.0
9.0
9.0
9.0
9.0
10.0
10.0
10.0
9.0
969 9.433962264150944 -0.0 18.65879249572754
8.0
11.0
8.0
10.0
9.0
9.0
10.0
10.0
10.0
9.0
10.0
10.0
10.0
9.0
9.0
11.0
10.0
10.0
10.0
9.0
9.0
9.0
10.0
9.0
9.0
10.0
9.0
8.0
9.0
9.0
8.0
9.0
9.0
10.0
9.0
8.0
11.0
10.0
9.0
9.0
10.0
9.0
9.0
9.0
10.0
8.0
8.0
9.0
11.0
10.0
10.0
9.0
9.0
970 9.433962264150944 -0.0 17.281314849853516
10.0
8.0
8.0
9.0
10.0
9.0
9.0
9.0
8.0
10.0
9.0
10.0
10.0
8.0
10.0
11.0
9.0
10.0
9.0
10.0
10.0
9.0
9.0
10.0
11.0
10.0
10.0
10.0
9.0
9.0
10.0
10.0
8.0
9.0
9.0
10.0
9.0
10.0
8.0
9.0
9.0
10.0
8.0
9.0
9.0
9.0
10.0
10.0
10.0
9.0
9.0
10.0
9.0
971 9.433962264150944 -0.0 15.967060089111328
9.0
9.0
10.0
9.0
9.0
10.0
10.0
10.0
9.0
9.0
10.0
10.0
8.0
10.0
9.0
10.0
9.0
9.0
9.0
10.0
9.0
10.0
10.0
8.0
9.0
9.0
9.0
10.0
10.0
9.0
10.0
8.0
8.0
9.0
9.0
9.0
10.0
9.0
10.0
9.0
10.0
9.0
9.0
9.0
9.0
9.0
10.0
10.0
9.0
9.0
8.0
8.0
8.0
10.0
972 9.25925925925926 -0.0 13.9622163772583
8.0
9.0
9.0
10.0
10.0
9.0
9.0
9.0
9.0
9.0
10.0
8.0
9.0
10.0
10.0
10.0
10.0
10.0
9.0
8.0
10.0
9.0
9.0
10.0
10.0
10.0
11.0
10.0
10.0
10.0
9.0
9.0
9.0
10.0
9.0
9.0
10.0
10.0
10.0
9.0
11.0
9.0
10.0
10.0
10.0
9.0
10.0
10.0
10.0
9.0
9.0
10.0
973 9.615384615384615 -0.0 13.452718734741211
9.0
9.0
9.0
10.0
9.0
11.0
9.0
9.0
9.0
10.0
9.0
10.0
10.0
9.0
10.0
9.0
9.0
9.0
10.0
9.0
9.0
9.0
9.0
9.0
8.0
10.0
10.0
9.0
10.0
10.0
10.0
10.0
10.0
10.0
10.0
8.0
10.0
9.0
9.0
10.0
9.0
9.0
10.0
10.0
9.0
9.0
10.0
8.0
10.0
9.0
10.0
10.0
10.0
974 9.433962264150944 -0.0 14.256260871887207
9.0
9.0
9.0
11.0
11.0
8.0
9.0
10.0
10.0
10.0
10.0
9.0
10.0
10.0
10.0
9.0
9.0
10.0
9.0
9.0
10.0
10.0
10.0
9.0
8.0
8.0
10.0
10.0
9.0
10.0
9.0
10.0
9.0
9.0
9.0
10.0
10.0
9.0
10.0
10.0
10.0
8.0
10.0
8.0
8.0
9.0
10.0
9.0
9.0
8.0
9.0
8.0
8.0
975 9.433962264150944 -0.0 10.619019508361816
10.0
10.0
10.0
11.0
9.0
10.0
11.0
10.0
8.0
10.0
9.0
9.0
10.0
10.0
10.0
9.0
9.0
8.0
10.0
9.0
9.0
9.0
11.0
10.0
9.0
9.0
9.0
9.0
9.0
9.0
10.0
9.0
9.0
9.0
10.0
10.0
10.0
9.0
10.0
10.0
10.0
9.0
10.0
9.0
9.0
11.0
8.0
9.0
10.0
10.0
10.0
9.0
976 9.615384615384615 -0.0 10.325515747070312
9.0
9.0
9.0
9.0
10.0
10.0
9.0
9.0
8.0
8.0
9.0
9.0
10.0
9.0
9.0
9.0
10.0
10.0
9.0
9.0
9.0
9.0
9.0
10.0
9.0
9.0
10.0
9.0
10.0
9.0
10.0
9.0
9.0
9.0
9.0
9.0
9.0
9.0
9.0
9.0
9.0
9.0
10.0
9.0
8.0
8.0
9.0
9.0
9.0
10.0
9.0
9.0
9.0
9.0
977 9.25925925925926 -0.0 8.570655822753906
10.0
10.0
10.0
9.0
9.0
10.0
9.0
10.0
9.0
9.0
10.0
9.0
9.0
10.0
10.0
9.0
10.0
9.0
9.0
10.0
9.0
10.0
10.0
10.0
9.0
8.0
10.0
10.0
10.0
10.0
9.0
8.0
9.0
11.0
9.0
9.0
10.0
10.0
9.0
8.0
10.0
9.0
10.0
8.0
8.0
10.0
10.0
9.0
10.0
8.0
9.0
10.0
9.0
978 9.433962264150944 -0.0 8.40999698638916
8.0
8.0
9.0
9.0
10.0
10.0
8.0
10.0
10.0
10.0
9.0
9.0
9.0
9.0
9.0
10.0
10.0
9.0
9.0
10.0
10.0
10.0
8.0
8.0
8.0
10.0
10.0
9.0
9.0
10.0
9.0
8.0
10.0
9.0
10.0
9.0
9.0
10.0
10.0
8.0
9.0
9.0
9.0
9.0
8.0
10.0
9.0
10.0
10.0
10.0
9.0
9.0
9.0
9.0
979 9.25925925925926 -0.0 7.868738174438477
9.0
11.0
9.0
9.0
10.0
9.0
11.0
10.0
9.0
10.0
9.0
9.0
10.0
10.0
9.0
10.0
10.0
9.0
10.0
10.0
11.0
9.0
11.0
10.0
8.0
10.0
9.0
9.0
10.0
8.0
9.0
10.0
9.0
9.0
8.0
9.0
11.0
9.0
9.0
9.0
10.0
10.0
10.0
11.0
9.0
8.0
10.0
9.0
10.0
9.0
10.0
9.0
980 9.615384615384615 -0.0 6.746552467346191
10.0
10.0
9.0
10.0
9.0
9.0
9.0
9.0
9.0
9.0
9.0
9.0
10.0
8.0
8.0
10.0
9.0
10.0
8.0
10.0
10.0
9.0
10.0
10.0
8.0
9.0
10.0
8.0
10.0
10.0
9.0
9.0
10.0
9.0
9.0
9.0
9.0
9.0
10.0
9.0
9.0
9.0
10.0
10.0
9.0
10.0
10.0
9.0
9.0
10.0
9.0
10.0
10.0
981 9.433962264150944 -0.0 5.675458908081055
8.0
9.0
8.0
10.0
10.0
9.0
10.0
10.0
10.0
10.0
8.0
9.0
11.0
10.0
9.0
10.0
10.0
10.0
9.0
10.0
10.0
10.0
9.0
9.0
10.0
9.0
10.0
10.0
10.0
9.0
11.0
9.0
9.0
10.0
10.0
9.0
8.0
9.0
10.0
8.0
9.0
9.0
10.0
8.0
9.0
11.0
8.0
10.0
9.0
8.0
9.0
10.0
9.0
982 9.433962264150944 -0.0 4.248575210571289
9.0
9.0
10.0
9.0
9.0
9.0
9.0
10.0
10.0
9.0
9.0
9.0
10.0
10.0
10.0
8.0
9.0
9.0
9.0
10.0
9.0
10.0
9.0
10.0
9.0
9.0
10.0
8.0
9.0
9.0
9.0
9.0
10.0
9.0
10.0
8.0
10.0
10.0
10.0
9.0
10.0
8.0
9.0
10.0
9.0
9.0
10.0
9.0
10.0
10.0
10.0
9.0
9.0
983 9.433962264150944 -0.0 3.4667742252349854
10.0
9.0
9.0
9.0
9.0
9.0
9.0
9.0
11.0
9.0
10.0
9.0
10.0
9.0
9.0
10.0
10.0
9.0
8.0
9.0
10.0
9.0
8.0
9.0
9.0
8.0
9.0
10.0
9.0
9.0
9.0
9.0
11.0
8.0
9.0
9.0
9.0
9.0
10.0
10.0
9.0
10.0
10.0
9.0
9.0
10.0
9.0
9.0
9.0
9.0
8.0
9.0
9.0
8.0
984 9.25925925925926 -0.0 3.8558526039123535
10.0
10.0
9.0
10.0
11.0
10.0
9.0
10.0
10.0
9.0
8.0
9.0
9.0
10.0
9.0
10.0
9.0
9.0
9.0
10.0
9.0
8.0
8.0
9.0
9.0
10.0
9.0
9.0
10.0
9.0
9.0
10.0
10.0
10.0
9.0
10.0
9.0
10.0
10.0
8.0
9.0
9.0
10.0
10.0
9.0
10.0
10.0
9.0
9.0
9.0
9.0
9.0
9.0
985 9.433962264150944 -0.0 3.421844482421875
9.0
10.0
9.0
8.0
9.0
11.0
11.0
9.0
10.0
9.0
9.0
8.0
10.0
9.0
8.0
10.0
8.0
10.0
9.0
11.0
8.0
10.0
8.0
10.0
10.0
9.0
11.0
8.0
10.0
9.0
9.0
9.0
10.0
9.0
9.0
9.0
9.0
10.0
10.0
10.0
9.0
11.0
9.0
8.0
10.0
8.0
10.0
10.0
8.0
9.0
10.0
8.0
9.0
986 9.433962264150944 -0.0 3.474249839782715
10.0
8.0
9.0
9.0
9.0
10.0
10.0
10.0
10.0
10.0
9.0
10.0
9.0
9.0
10.0
10.0
8.0
10.0
9.0
11.0
9.0
10.0
9.0
9.0
10.0
10.0
11.0
10.0
8.0
8.0
10.0
10.0
10.0
10.0
10.0
10.0
10.0
10.0
10.0
10.0
9.0
8.0
9.0
11.0
11.0
9.0
9.0
11.0
10.0
8.0
11.0
9.0
987 9.615384615384615 -0.0 2.381542444229126
10.0
10.0
10.0
9.0
10.0
11.0
11.0
9.0
9.0
10.0
10.0
9.0
9.0
10.0
9.0
8.0
10.0
10.0
10.0
11.0
8.0
9.0
8.0
10.0
9.0
8.0
9.0
9.0
9.0
9.0
10.0
9.0
8.0
9.0
10.0
9.0
9.0
10.0
9.0
10.0
10.0
9.0
10.0
10.0
10.0
10.0
9.0
10.0
9.0
9.0
9.0
9.0
988 9.615384615384615 -0.0 1.8235920667648315
9.0
10.0
10.0
11.0
10.0
8.0
10.0
10.0
8.0
10.0
9.0
10.0
10.0
9.0
8.0
10.0
10.0
10.0
10.0
10.0
9.0
9.0
8.0
8.0
10.0
8.0
9.0
9.0
10.0
9.0
9.0
11.0
9.0
9.0
10.0
9.0
10.0
10.0
10.0
10.0
8.0
10.0
10.0
10.0
9.0
8.0
8.0
8.0
10.0
10.0
10.0
10.0
10.0
989 9.433962264150944 -0.0 1.0553920269012451
9.0
8.0
8.0
9.0
9.0
10.0
10.0
9.0
9.0
10.0
10.0
10.0
8.0
10.0
9.0
10.0
9.0
10.0
10.0
10.0
10.0
9.0
10.0
9.0
10.0
8.0
10.0
9.0
8.0
9.0
10.0
9.0
10.0
9.0
9.0
8.0
10.0
10.0
8.0
9.0
9.0
9.0
11.0
9.0
10.0
10.0
10.0
10.0
9.0
9.0
10.0
10.0
8.0
990 9.433962264150944 -0.0 0.6588841676712036
9.0
10.0
9.0
9.0
9.0
10.0
10.0
8.0
9.0
9.0
9.0
10.0
10.0
10.0
8.0
10.0
9.0
8.0
9.0
10.0
10.0
9.0
10.0
8.0
9.0
9.0
10.0
9.0
10.0
10.0
8.0
8.0
9.0
10.0
11.0
11.0
8.0
9.0
9.0
10.0
10.0
9.0
10.0
10.0
11.0
8.0
9.0
11.0
9.0
9.0
8.0
9.0
10.0
991 9.433962264150944 -0.0 0.9005717635154724
10.0
9.0
10.0
8.0
9.0
9.0
9.0
10.0
8.0
10.0
8.0
10.0
9.0
9.0
8.0
9.0
8.0
9.0
9.0
10.0
9.0
9.0
10.0
10.0
9.0
9.0
9.0
10.0
10.0
9.0
10.0
10.0
9.0
9.0
9.0
9.0
9.0
10.0
10.0
9.0
9.0
10.0
10.0
10.0
10.0
10.0
10.0
9.0
9.0
10.0
10.0
9.0
11.0
992 9.433962264150944 -0.0 1.0510212182998657
10.0
8.0
9.0
9.0
9.0
9.0
10.0
9.0
8.0
9.0
10.0
10.0
9.0
10.0
8.0
10.0
11.0
11.0
9.0
9.0
10.0
9.0
10.0
10.0
8.0
9.0
9.0
10.0
9.0
9.0
9.0
9.0
10.0
10.0
10.0
10.0
10.0
10.0
10.0
10.0
9.0
10.0
9.0
10.0
10.0
9.0
10.0
9.0
11.0
9.0
10.0
10.0
993 9.615384615384615 -0.0 1.328647494316101
9.0
10.0
9.0
10.0
10.0
10.0
9.0
10.0
10.0
9.0
10.0
10.0
10.0
9.0
8.0
10.0
11.0
10.0
9.0
10.0
10.0
10.0
8.0
8.0
10.0
9.0
9.0
9.0
10.0
10.0
9.0
10.0
9.0
10.0
8.0
10.0
10.0
9.0
10.0
8.0
9.0
8.0
8.0
8.0
9.0
9.0
9.0
9.0
11.0
10.0
10.0
10.0
9.0
994 9.433962264150944 -0.0 1.295067310333252
11.0
10.0
10.0
9.0
10.0
10.0
10.0
9.0
10.0
8.0
9.0
9.0
9.0
9.0
9.0
10.0
10.0
9.0
10.0
10.0
10.0
11.0
9.0
10.0
9.0
10.0
10.0
10.0
9.0
9.0
9.0
9.0
9.0
8.0
9.0
10.0
10.0
10.0
9.0
9.0
9.0
9.0
10.0
10.0
9.0
9.0
9.0
9.0
8.0
9.0
9.0
9.0
10.0
995 9.433962264150944 -0.0 0.9882692694664001
8.0
10.0
9.0
10.0
10.0
10.0
9.0
10.0
10.0
10.0
10.0
8.0
10.0
9.0
10.0
8.0
8.0
9.0
10.0
9.0
10.0
10.0
9.0
8.0
9.0
9.0
8.0
10.0
10.0
8.0
10.0
9.0
9.0
10.0
10.0
10.0
11.0
10.0
11.0
9.0
10.0
10.0
10.0
9.0
8.0
9.0
8.0
8.0
9.0
8.0
9.0
11.0
9.0
996 9.433962264150944 -0.0 0.7839100360870361
9.0
9.0
9.0
10.0
9.0
9.0
10.0
9.0
9.0
9.0
10.0
10.0
10.0
10.0
9.0
9.0
10.0
9.0
10.0
8.0
9.0
9.0
10.0
10.0
9.0
8.0
9.0
9.0
10.0
10.0
8.0
9.0
10.0
10.0
9.0
9.0
11.0
10.0
9.0
10.0
10.0
10.0
10.0
9.0
9.0
10.0
10.0
9.0
9.0
10.0
10.0
10.0
997 9.615384615384615 -0.0 0.44199591875076294
9.0
9.0
10.0
9.0
10.0
9.0
11.0
10.0
9.0
10.0
9.0
10.0
9.0
9.0
10.0
10.0
10.0
9.0
8.0
10.0
9.0
10.0
9.0
9.0
8.0
9.0
9.0
9.0
10.0
10.0
9.0
9.0
10.0
8.0
10.0
10.0
10.0
9.0
9.0
8.0
9.0
9.0
9.0
8.0
9.0
8.0
10.0
10.0
10.0
10.0
10.0
10.0
10.0
998 9.433962264150944 -0.0 0.5236088633537292
10.0
10.0
9.0
8.0
9.0
8.0
10.0
10.0
10.0
8.0
10.0
10.0
8.0
10.0
9.0
10.0
9.0
8.0
10.0
10.0
9.0
8.0
10.0
9.0
10.0
10.0
9.0
9.0
9.0
8.0
10.0
9.0
10.0
9.0
10.0
10.0
8.0
10.0
9.0
9.0
10.0
9.0
9.0
9.0
10.0
8.0
10.0
10.0
9.0
8.0
9.0
9.0
9.0
9.0
999 9.25925925925926 -0.0 0.6946148872375488
