20.0
23.0
9.0
16.0
19.0
20.0
14.0
18.0
19.0
12.0
30.0
14.0
12.0
11.0
21.0
14.0
19.0
46.0
12.0
9.0
38.0
22.0
9.0
66.0
0 20.833333333333332 8.871785163879395 271.6805725097656
9.0
46.0
13.0
16.0
12.0
50.0
19.0
27.0
16.0
34.0
26.0
14.0
13.0
20.0
11.0
32.0
10.0
14.0
17.0
18.0
28.0
19.0
13.0
14.0
1 20.833333333333332 8.12833023071289 217.22592163085938
28.0
15.0
18.0
35.0
32.0
13.0
16.0
12.0
35.0
50.0
11.0
18.0
13.0
16.0
35.0
42.0
31.0
20.0
13.0
14.0
27.0
2 23.80952380952381 9.093757629394531 249.378662109375
12.0
15.0
23.0
27.0
18.0
13.0
23.0
13.0
20.0
13.0
13.0
25.0
12.0
28.0
10.0
13.0
21.0
31.0
27.0
23.0
22.0
47.0
13.0
27.0
3 20.833333333333332 7.6076884269714355 176.71273803710938
22.0
15.0
24.0
12.0
23.0
13.0
11.0
21.0
23.0
16.0
31.0
26.0
27.0
30.0
19.0
16.0
33.0
21.0
16.0
22.0
21.0
12.0
20.0
13.0
4 20.833333333333332 7.1194024085998535 148.1842803955078
11.0
14.0
19.0
13.0
15.0
27.0
13.0
34.0
19.0
15.0
42.0
12.0
13.0
25.0
11.0
14.0
22.0
13.0
43.0
15.0
21.0
24.0
17.0
16.0
10.0
15.0
5 19.23076923076923 7.236260414123535 171.97744750976562
28.0
11.0
41.0
13.0
27.0
12.0
12.0
10.0
16.0
17.0
15.0
22.0
29.0
10.0
26.0
35.0
27.0
16.0
26.0
16.0
18.0
14.0
29.0
25.0
6 20.833333333333332 7.734510898590088 177.53097534179688
65.0
16.0
51.0
26.0
18.0
14.0
14.0
11.0
21.0
21.0
20.0
15.0
40.0
13.0
44.0
16.0
18.0
10.0
10.0
18.0
12.0
19.0
7 22.727272727272727 9.584707260131836 309.27056884765625
48.0
15.0
23.0
16.0
16.0
19.0
10.0
13.0
28.0
14.0
14.0
33.0
8.0
30.0
18.0
20.0
29.0
14.0
13.0
18.0
24.0
10.0
34.0
18.0
11.0
8 20.0 7.624566555023193 185.21914672851562
21.0
13.0
19.0
20.0
14.0
11.0
16.0
12.0
15.0
16.0
12.0
32.0
13.0
10.0
18.0
12.0
41.0
15.0
10.0
13.0
35.0
44.0
25.0
22.0
9 20.833333333333332 7.920653820037842 203.39373779296875
19.0
29.0
16.0
23.0
21.0
15.0
13.0
10.0
15.0
27.0
9.0
19.0
18.0
17.0
17.0
33.0
17.0
20.0
23.0
20.0
40.0
15.0
17.0
16.0
15.0
14.0
10 19.23076923076923 6.895768642425537 145.8048095703125
23.0
17.0
20.0
38.0
14.0
20.0
10.0
37.0
11.0
15.0
20.0
9.0
35.0
15.0
27.0
20.0
24.0
18.0
10.0
21.0
35.0
40.0
17.0
11 21.73913043478261 8.131720542907715 199.54730224609375
11.0
13.0
19.0
24.0
32.0
18.0
10.0
16.0
11.0
23.0
25.0
22.0
11.0
15.0
22.0
37.0
16.0
12.0
32.0
49.0
19.0
51.0
12 22.727272727272727 8.5465087890625 239.6632537841797
21.0
14.0
20.0
12.0
17.0
28.0
11.0
29.0
18.0
11.0
21.0
14.0
18.0
19.0
12.0
14.0
29.0
12.0
52.0
67.0
28.0
19.0
13 22.727272727272727 9.082588195800781 286.6990051269531
32.0
22.0
10.0
25.0
28.0
23.0
22.0
15.0
16.0
26.0
57.0
24.0
13.0
11.0
17.0
43.0
70.0
12.0
16.0
14 26.31578947368421 10.2422513961792 355.26385498046875
25.0
19.0
14.0
14.0
15.0
19.0
20.0
32.0
44.0
48.0
25.0
16.0
29.0
13.0
14.0
13.0
24.0
23.0
12.0
19.0
16.0
29.0
13.0
15 21.73913043478261 8.002195358276367 204.4276580810547
35.0
30.0
32.0
20.0
36.0
26.0
19.0
25.0
15.0
17.0
15.0
30.0
35.0
9.0
25.0
10.0
69.0
37.0
15.0
16 26.31578947368421 10.051631927490234 321.902099609375
28.0
38.0
19.0
12.0
17.0
14.0
20.0
38.0
16.0
18.0
27.0
24.0
28.0
30.0
29.0
12.0
35.0
24.0
33.0
19.0
17 25.0 8.309572219848633 204.44496154785156
18.0
45.0
13.0
15.0
27.0
11.0
12.0
23.0
13.0
29.0
17.0
14.0
23.0
17.0
18.0
23.0
12.0
22.0
27.0
11.0
15.0
14.0
25.0
15.0
18 20.833333333333332 7.446183681488037 176.3082275390625
13.0
35.0
37.0
29.0
23.0
21.0
19.0
13.0
12.0
16.0
14.0
9.0
34.0
17.0
15.0
11.0
36.0
13.0
18.0
13.0
19.0
18.0
17.0
23.0
13.0
19 20.0 7.1339640617370605 161.5338897705078
24.0
19.0
44.0
23.0
15.0
39.0
18.0
38.0
22.0
15.0
15.0
18.0
24.0
33.0
27.0
13.0
17.0
14.0
20.0
14.0
34.0
12.0
20 22.727272727272727 8.20945930480957 207.62803649902344
23.0
21.0
11.0
21.0
25.0
83.0
41.0
11.0
12.0
40.0
35.0
51.0
56.0
54.0
14.0
21 33.333333333333336 12.992046356201172 544.096923828125
12.0
26.0
18.0
24.0
21.0
53.0
26.0
31.0
30.0
8.0
18.0
14.0
25.0
21.0
10.0
23.0
19.0
37.0
25.0
25.0
22 25.0 8.56486701965332 228.07144165039062
23.0
19.0
34.0
16.0
20.0
16.0
29.0
10.0
40.0
16.0
19.0
16.0
18.0
15.0
28.0
51.0
41.0
18.0
19.0
43.0
23 25.0 8.844789505004883 253.22265625
27.0
28.0
34.0
25.0
73.0
23.0
19.0
42.0
33.0
49.0
27.0
22.0
14.0
22.0
15.0
24.0
24 31.25 10.597694396972656 367.4342041015625
25.0
31.0
28.0
17.0
28.0
13.0
21.0
15.0
17.0
43.0
17.0
17.0
39.0
29.0
11.0
11.0
20.0
23.0
12.0
18.0
30.0
25 23.80952380952381 8.069629669189453 202.1151885986328
23.0
19.0
24.0
25.0
31.0
25.0
29.0
60.0
29.0
32.0
21.0
33.0
29.0
38.0
21.0
49.0
26 31.25 10.090936660766602 313.37872314453125
22.0
10.0
28.0
12.0
22.0
11.0
10.0
32.0
27.0
30.0
63.0
22.0
19.0
30.0
14.0
98.0
29.0
21.0
27 27.77777777777778 12.08935546875 535.1388549804688
69.0
18.0
13.0
46.0
24.0
12.0
11.0
12.0
15.0
27.0
41.0
31.0
15.0
10.0
38.0
21.0
66.0
11.0
13.0
28 26.31578947368421 10.979247093200684 413.1416931152344
14.0
19.0
20.0
27.0
14.0
21.0
36.0
12.0
20.0
39.0
26.0
14.0
16.0
16.0
17.0
38.0
15.0
83.0
44.0
29 26.31578947368421 10.433220863342285 386.7066345214844
26.0
11.0
23.0
11.0
19.0
15.0
22.0
38.0
9.0
22.0
20.0
37.0
39.0
18.0
15.0
15.0
18.0
26.0
14.0
14.0
84.0
30 23.80952380952381 9.696006774902344 363.6746520996094
28.0
35.0
26.0
17.0
61.0
23.0
25.0
20.0
13.0
12.0
10.0
34.0
14.0
16.0
29.0
21.0
23.0
29.0
15.0
15.0
11.0
31 23.80952380952381 8.45467758178711 237.4951934814453
19.0
14.0
20.0
25.0
58.0
49.0
26.0
16.0
17.0
15.0
33.0
24.0
32.0
38.0
18.0
49.0
12.0
15.0
12.0
32 26.31578947368421 9.546116828918457 305.44561767578125
23.0
30.0
12.0
18.0
16.0
11.0
15.0
15.0
12.0
22.0
16.0
29.0
14.0
12.0
26.0
23.0
30.0
11.0
18.0
16.0
11.0
27.0
15.0
30.0
45.0
33 20.0 7.092152118682861 163.01060485839844
15.0
20.0
44.0
22.0
18.0
31.0
44.0
13.0
17.0
13.0
46.0
20.0
35.0
48.0
39.0
26.0
32.0
34 29.41176470588235 9.739558219909668 297.8994140625
21.0
18.0
18.0
33.0
50.0
30.0
45.0
38.0
23.0
28.0
17.0
30.0
23.0
14.0
27.0
18.0
30.0
11.0
35 27.77777777777778 8.965396881103516 252.18893432617188
27.0
35.0
25.0
15.0
15.0
20.0
36.0
46.0
12.0
35.0
12.0
15.0
14.0
53.0
26.0
16.0
26.0
30.0
11.0
16.0
36 25.0 8.714155197143555 250.82208251953125
40.0
32.0
10.0
31.0
17.0
18.0
33.0
38.0
46.0
12.0
25.0
18.0
32.0
45.0
37.0
10.0
15.0
18.0
18.0
37 26.31578947368421 9.13658618927002 265.703857421875
39.0
22.0
12.0
18.0
18.0
20.0
68.0
24.0
45.0
23.0
16.0
15.0
32.0
23.0
22.0
19.0
40.0
18.0
25.0
38 26.31578947368421 9.45959758758545 308.86175537109375
23.0
30.0
21.0
10.0
30.0
18.0
22.0
31.0
9.0
24.0
19.0
17.0
39.0
29.0
12.0
46.0
27.0
33.0
15.0
44.0
39 25.0 8.603656768798828 235.43435668945312
53.0
22.0
15.0
18.0
24.0
29.0
46.0
53.0
38.0
15.0
20.0
47.0
16.0
13.0
24.0
12.0
28.0
40 29.41176470588235 9.89062786102295 321.95355224609375
35.0
21.0
13.0
16.0
18.0
21.0
24.0
13.0
99.0
14.0
54.0
64.0
12.0
10.0
22.0
59.0
41 31.25 13.160379409790039 640.524658203125
33.0
17.0
21.0
18.0
43.0
18.0
17.0
10.0
18.0
17.0
23.0
17.0
41.0
43.0
43.0
23.0
12.0
58.0
26.0
42 26.31578947368421 9.442453384399414 295.19085693359375
21.0
20.0
32.0
20.0
34.0
56.0
28.0
28.0
20.0
16.0
25.0
40.0
21.0
32.0
26.0
24.0
34.0
19.0
43 27.77777777777778 8.827573776245117 252.8452606201172
39.0
51.0
14.0
15.0
24.0
33.0
20.0
47.0
24.0
30.0
15.0
28.0
20.0
31.0
31.0
19.0
12.0
26.0
21.0
44 26.31578947368421 8.821426391601562 253.90695190429688
38.0
45.0
18.0
16.0
30.0
19.0
29.0
9.0
50.0
37.0
22.0
16.0
31.0
26.0
31.0
36.0
24.0
45 29.41176470588235 9.139829635620117 268.0479431152344
15.0
31.0
18.0
18.0
13.0
39.0
16.0
14.0
31.0
21.0
16.0
17.0
24.0
13.0
30.0
33.0
19.0
13.0
17.0
36.0
14.0
20.0
16.0
46 21.73913043478261 7.098346710205078 160.8925018310547
18.0
34.0
25.0
28.0
26.0
22.0
16.0
41.0
37.0
70.0
25.0
18.0
37.0
52.0
42.0
47 33.333333333333336 10.582137107849121 382.8047790527344
31.0
25.0
27.0
25.0
35.0
55.0
33.0
9.0
99.0
21.0
23.0
41.0
15.0
52.0
48 35.714285714285715 12.601533889770508 576.88818359375
29.0
44.0
28.0
36.0
11.0
20.0
20.0
30.0
20.0
14.0
25.0
28.0
13.0
17.0
27.0
32.0
34.0
24.0
16.0
21.0
49 25.0 7.817358016967773 195.55642700195312
69.0
22.0
14.0
24.0
49.0
13.0
32.0
35.0
36.0
14.0
15.0
37.0
20.0
25.0
53.0
24.0
50 31.25 10.224853515625 371.1775207519531
29.0
24.0
54.0
31.0
58.0
27.0
21.0
30.0
89.0
16.0
19.0
14.0
46.0
21.0
51 35.714285714285715 11.963395118713379 517.693115234375
44.0
33.0
25.0
41.0
59.0
36.0
39.0
21.0
26.0
19.0
30.0
25.0
32.0
48.0
52 35.714285714285715 10.344863891601562 340.85589599609375
40.0
14.0
27.0
12.0
20.0
62.0
64.0
31.0
20.0
17.0
21.0
18.0
45.0
19.0
78.0
53 33.333333333333336 11.656047821044922 499.0426940917969
58.0
14.0
28.0
18.0
11.0
58.0
63.0
22.0
34.0
12.0
45.0
25.0
27.0
30.0
35.0
11.0
54 31.25 10.644927978515625 398.6954040527344
16.0
32.0
66.0
64.0
69.0
21.0
51.0
19.0
17.0
29.0
41.0
22.0
28.0
55 38.46153846153846 12.009998321533203 500.560791015625
20.0
16.0
30.0
32.0
63.0
14.0
39.0
34.0
38.0
18.0
27.0
30.0
22.0
13.0
77.0
56 33.333333333333336 10.80583667755127 420.7088623046875
22.0
43.0
55.0
25.0
37.0
48.0
10.0
91.0
61.0
35.0
23.0
18.0
17.0
57 38.46153846153846 12.740777015686035 573.8507690429688
20.0
45.0
25.0
47.0
29.0
36.0
33.0
63.0
14.0
80.0
39.0
27.0
58 41.666666666666664 12.189810752868652 507.9421691894531
92.0
17.0
39.0
83.0
11.0
46.0
69.0
29.0
33.0
18.0
16.0
37.0
59 41.666666666666664 14.250137329101562 723.6206665039062
34.0
42.0
51.0
14.0
28.0
21.0
29.0
13.0
53.0
31.0
20.0
22.0
43.0
59.0
32.0
60 33.333333333333336 10.19430160522461 359.7286376953125
72.0
37.0
15.0
41.0
56.0
15.0
22.0
24.0
33.0
83.0
19.0
32.0
43.0
61 38.46153846153846 12.512636184692383 558.399658203125
15.0
30.0
21.0
39.0
76.0
42.0
45.0
20.0
19.0
58.0
51.0
45.0
11.0
62 38.46153846153846 11.758357048034668 477.0325622558594
12.0
18.0
19.0
38.0
47.0
19.0
68.0
35.0
14.0
18.0
19.0
15.0
13.0
134.0
63 35.714285714285715 14.44309139251709 874.54443359375
36.0
29.0
20.0
29.0
44.0
25.0
83.0
20.0
19.0
30.0
32.0
40.0
45.0
64 38.46153846153846 11.208722114562988 447.6050109863281
59.0
105.0
25.0
53.0
35.0
35.0
19.0
23.0
20.0
38.0
25.0
52.0
65 41.666666666666664 12.961395263671875 653.8461303710938
28.0
25.0
40.0
34.0
26.0
52.0
12.0
55.0
17.0
15.0
49.0
45.0
15.0
30.0
51.0
66 33.333333333333336 10.160943031311035 364.0697021484375
49.0
34.0
41.0
32.0
47.0
26.0
22.0
40.0
62.0
42.0
101.0
67 45.45454545454545 13.365489959716797 651.3687133789062
36.0
35.0
54.0
26.0
50.0
17.0
37.0
24.0
10.0
29.0
24.0
67.0
51.0
68 38.46153846153846 10.891178131103516 417.5840759277344
34.0
24.0
23.0
82.0
27.0
75.0
27.0
59.0
50.0
45.0
69 50.0 13.501410484313965 636.1746826171875
40.0
33.0
27.0
40.0
27.0
12.0
38.0
30.0
45.0
47.0
52.0
24.0
13.0
48.0
70 35.714285714285715 9.82516860961914 331.35791015625
72.0
64.0
52.0
66.0
52.0
96.0
40.0
30.0
71 62.5 15.152193069458008 803.8674926757812
59.0
63.0
58.0
40.0
23.0
73.0
30.0
75.0
32.0
72 55.55555555555556 13.62007999420166 659.1849975585938
33.0
50.0
53.0
132.0
95.0
30.0
84.0
73 71.42857142857143 18.45711898803711 1224.1268310546875
27.0
11.0
16.0
23.0
44.0
36.0
27.0
43.0
39.0
68.0
28.0
52.0
44.0
34.0
74 35.714285714285715 10.169238090515137 381.38360595703125
91.0
55.0
22.0
145.0
37.0
23.0
29.0
21.0
71.0
75 55.55555555555556 17.651042938232422 1221.58642578125
92.0
45.0
28.0
35.0
49.0
28.0
12.0
32.0
37.0
56.0
34.0
21.0
76 41.666666666666664 11.666287422180176 520.0565795898438
62.0
76.0
46.0
51.0
40.0
78.0
49.0
28.0
27.0
42.0
77 50.0 13.119301795959473 636.171630859375
29.0
67.0
160.0
29.0
113.0
89.0
78 83.33333333333333 22.69171142578125 1684.5260009765625
39.0
63.0
21.0
19.0
29.0
31.0
130.0
19.0
62.0
55.0
79 50.0 15.119095802307129 893.8658447265625
72.0
26.0
22.0
58.0
35.0
28.0
61.0
34.0
72.0
32.0
26.0
80 45.45454545454545 11.861578941345215 528.308837890625
48.0
43.0
76.0
22.0
21.0
43.0
95.0
60.0
28.0
81 55.55555555555556 14.219541549682617 739.3016967773438
98.0
91.0
57.0
95.0
82 125.0 22.706571578979492 1790.9700927734375
56.0
37.0
28.0
118.0
22.0
32.0
72.0
23.0
41.0
53.0
83 50.0 14.205994606018066 802.7366333007812
60.0
29.0
53.0
34.0
18.0
39.0
81.0
26.0
84 62.5 17.447463989257812 1302.302490234375
78.0
37.0
115.0
108.0
99.0
32.0
15.0
85 71.42857142857143 18.60781478881836 1291.4056396484375
50.0
39.0
78.0
133.0
11.0
27.0
64.0
86 71.42857142857143 17.798938751220703 1242.688720703125
165.0
46.0
57.0
130.0
101.0
87 100.0 23.16272735595703 1931.455810546875
86.0
74.0
61.0
33.0
69.0
79.0
39.0
20.0
88 62.5 14.622457504272461 787.8186645507812
39.0
51.0
51.0
39.0
72.0
23.0
60.0
37.0
89.0
34.0
89 50.0 12.652200698852539 629.528564453125
69.0
19.0
35.0
78.0
56.0
66.0
92.0
56.0
90 62.5 14.44437313079834 791.984130859375
50.0
71.0
69.0
23.0
95.0
56.0
26.0
33.0
91 62.5 14.538345336914062 813.1051025390625
76.0
37.0
64.0
50.0
48.0
56.0
45.0
56.0
92 62.5 13.165933609008789 645.4801025390625
110.0
30.0
82.0
163.0
50.0
46.0
93 83.33333333333333 20.070589065551758 1572.4224853515625
55.0
56.0
20.0
129.0
68.0
108.0
47.0
94 71.42857142857143 17.056285858154297 1189.3240966796875
166.0
55.0
23.0
118.0
59.0
95 100.0 21.221647262573242 1700.080810546875
82.0
79.0
114.0
93.0
61.0
96 100.0 18.361974716186523 1211.8760986328125
54.0
35.0
74.0
107.0
64.0
28.0
36.0
60.0
97 62.5 14.269442558288574 780.0416259765625
82.0
27.0
50.0
33.0
45.0
55.0
96.0
98 71.42857142857143 16.60566520690918 1040.64306640625
33.0
54.0
123.0
72.0
47.0
66.0
95.0
99 71.42857142857143 16.37615203857422 1072.750244140625
92.0
83.0
51.0
143.0
39.0
100 100.0 19.313011169433594 1424.9482421875
101.0
61.0
162.0
44.0
101 125.0 23.101158142089844 1916.3994140625
62.0
116.0
91.0
67.0
102 125.0 22.10422134399414 1789.654296875
100.0
104.0
122.0
47.0
63.0
103 100.0 17.93011474609375 1295.60595703125
80.0
50.0
60.0
74.0
113.0
24.0
35.0
104 71.42857142857143 14.913000106811523 923.0001220703125
106.0
139.0
152.0
74.0
105 125.0 22.44548797607422 1852.96044921875
144.0
200.0
109.0
42.0
106 125.0 25.29652976989746 2418.80615234375
46.0
110.0
147.0
54.0
74.0
107 100.0 18.661882400512695 1427.7259521484375
124.0
119.0
83.0
50.0
67.0
42.0
108 83.33333333333333 17.44355010986328 1253.376708984375
174.0
74.0
102.0
58.0
45.0
109 100.0 19.31768035888672 1591.9737548828125
113.0
55.0
68.0
20.0
99.0
66.0
23.0
52.0
110 62.5 15.775334358215332 970.7457275390625
80.0
125.0
74.0
73.0
51.0
59.0
111 83.33333333333333 15.631173133850098 1024.7774658203125
49.0
61.0
114.0
112.0
102.0
37.0
112 83.33333333333333 16.999963760375977 1183.1099853515625
57.0
35.0
154.0
124.0
38.0
83.0
113 83.33333333333333 18.874746322631836 1512.0521240234375
141.0
68.0
69.0
100.0
52.0
14.0
114 83.33333333333333 16.77946662902832 1230.44775390625
90.0
101.0
32.0
142.0
110.0
115 100.0 19.141014099121094 1504.783203125
110.0
155.0
103.0
129.0
116 125.0 21.69066619873047 1918.1475830078125
116.0
153.0
145.0
117 166.66666666666666 22.854650497436523 2011.544677734375
47.0
105.0
104.0
93.0
118 125.0 21.135332107543945 1703.9912109375
200.0
114.0
42.0
119 166.66666666666666 24.530818939208984 2418.1572265625
71.0
108.0
119.0
123.0
120 125.0 19.34239387512207 1475.289794921875
199.0
70.0
135.0
60.0
121 125.0 22.585447311401367 2050.4921875
183.0
89.0
200.0
122 166.66666666666666 25.857038497924805 2606.23779296875
124.0
150.0
155.0
123 166.66666666666666 23.07350730895996 2062.24755859375
116.0
98.0
114.0
123.0
124 125.0 18.944581985473633 1495.024169921875
74.0
101.0
49.0
137.0
59.0
31.0
125 83.33333333333333 15.758184432983398 1120.3399658203125
75.0
122.0
40.0
200.0
126 125.0 21.432598114013672 1967.85107421875
46.0
144.0
94.0
92.0
127 125.0 20.167898178100586 1598.8134765625
114.0
180.0
139.0
128 166.66666666666666 22.775623321533203 2106.516845703125
47.0
148.0
78.0
186.0
129 125.0 21.37347984313965 1966.6929931640625
112.0
103.0
200.0
130 166.66666666666666 22.69129753112793 2110.154541015625
57.0
192.0
139.0
131 166.66666666666666 22.839197158813477 2175.08056640625
25.0
156.0
157.0
158.0
132 125.0 22.87457275390625 2270.8232421875
109.0
114.0
52.0
134.0
133 125.0 19.066574096679688 1503.2999267578125
115.0
200.0
165.0
134 166.66666666666666 25.239765167236328 2470.14990234375
117.0
130.0
108.0
113.0
135 125.0 17.982406616210938 1523.3614501953125
153.0
200.0
136 250.0 25.62543296813965 2698.047607421875
42.0
162.0
136.0
129.0
137 125.0 19.680532455444336 1844.6390380859375
142.0
171.0
164.0
138 166.66666666666666 23.33102035522461 2291.59228515625
200.0
200.0
139 250.0 25.579631805419922 2802.097900390625
48.0
200.0
112.0
140 166.66666666666666 23.814542770385742 2268.50927734375
138.0
200.0
123.0
141 166.66666666666666 21.98963165283203 2194.174072265625
140.0
200.0
142 250.0 24.89558982849121 2531.267822265625
103.0
44.0
123.0
145.0
143 125.0 18.032869338989258 1500.3399658203125
85.0
123.0
146.0
26.0
94.0
144 100.0 17.52560043334961 1401.8363037109375
200.0
160.0
145 250.0 26.061662673950195 2654.870361328125
118.0
200.0
109.0
146 166.66666666666666 22.193208694458008 2065.06689453125
128.0
200.0
107.0
147 166.66666666666666 21.472042083740234 2014.6749267578125
77.0
200.0
200.0
148 166.66666666666666 24.554492950439453 2520.5107421875
200.0
200.0
149 250.0 25.308778762817383 2666.1318359375
152.0
113.0
154.0
150 166.66666666666666 19.826927185058594 1817.5953369140625
143.0
81.0
152.0
151 166.66666666666666 20.53989028930664 1853.6669921875
150.0
140.0
119.0
152 166.66666666666666 19.448530197143555 1737.022705078125
200.0
118.0
153 250.0 24.778852462768555 2595.22900390625
154.0
103.0
200.0
154 166.66666666666666 21.533069610595703 2124.805908203125
200.0
199.0
155 250.0 24.78321075439453 2671.14697265625
174.0
131.0
156 250.0 23.982471466064453 2548.60595703125
162.0
116.0
177.0
157 166.66666666666666 20.77543830871582 1975.701904296875
145.0
42.0
146.0
141.0
158 125.0 17.884946823120117 1693.234375
200.0
157.0
159 250.0 23.535165786743164 2413.15576171875
175.0
158.0
160 250.0 23.894344329833984 2418.32373046875
159.0
137.0
200.0
161 166.66666666666666 21.82609748840332 2282.613525390625
200.0
168.0
162 250.0 24.02197265625 2418.5595703125
141.0
200.0
155.0
163 166.66666666666666 21.8067569732666 2247.12890625
121.0
200.0
164 250.0 23.62273406982422 2440.702880859375
200.0
200.0
165 250.0 24.524852752685547 2518.864990234375
200.0
169.0
119.0
166 166.66666666666666 21.365209579467773 2281.048583984375
200.0
200.0
167 250.0 22.863367080688477 2494.77587890625
108.0
200.0
168 250.0 24.99123764038086 2536.129150390625
109.0
168.0
200.0
169 166.66666666666666 19.983802795410156 2137.468505859375
198.0
188.0
170 250.0 22.977012634277344 2442.27001953125
200.0
200.0
171 250.0 23.18012046813965 2513.246826171875
200.0
156.0
172 250.0 23.200199127197266 2318.027587890625
108.0
154.0
200.0
173 166.66666666666666 18.86182403564453 1974.4393310546875
118.0
200.0
174 250.0 21.722124099731445 2430.03466796875
200.0
142.0
65.0
175 166.66666666666666 19.091617584228516 1896.484130859375
200.0
191.0
176 250.0 22.760417938232422 2417.844970703125
38.0
200.0
95.0
177 166.66666666666666 22.478282928466797 2239.45068359375
200.0
147.0
178 250.0 23.5998477935791 2300.60400390625
200.0
185.0
179 250.0 22.590023040771484 2348.12451171875
200.0
163.0
180 250.0 21.540815353393555 2219.982421875
148.0
130.0
200.0
181 166.66666666666666 19.77422332763672 1887.275146484375
200.0
200.0
182 250.0 21.521318435668945 2328.556884765625
200.0
187.0
183 250.0 22.068857192993164 2342.21044921875
200.0
200.0
184 250.0 22.863679885864258 2364.08251953125
200.0
154.0
185 250.0 20.841609954833984 2210.33447265625
147.0
193.0
186 250.0 21.16259765625 2314.878173828125
200.0
200.0
187 250.0 22.269277572631836 2340.69921875
174.0
200.0
188 250.0 20.75307846069336 2200.88623046875
200.0
200.0
189 250.0 21.491697311401367 2288.869384765625
167.0
200.0
190 250.0 21.620088577270508 2130.4912109375
142.0
130.0
200.0
191 166.66666666666666 18.511594772338867 1836.7279052734375
200.0
200.0
192 250.0 21.72661018371582 2253.17529296875
181.0
200.0
193 250.0 20.598051071166992 2172.6142578125
200.0
200.0
194 250.0 21.157564163208008 2241.050537109375
189.0
200.0
195 250.0 20.47511863708496 2181.125732421875
200.0
200.0
196 250.0 20.69809913635254 2126.113037109375
200.0
200.0
197 250.0 22.358688354492188 2100.273681640625
200.0
200.0
100.0
198 166.66666666666666 20.302783966064453 2051.376220703125
170.0
200.0
199 250.0 20.284175872802734 2083.279296875
200.0
199.0
200 250.0 19.752670288085938 2044.5943603515625
153.0
200.0
121.0
201 166.66666666666666 17.038196563720703 1804.4527587890625
200.0
200.0
202 250.0 21.514978408813477 2173.712890625
200.0
200.0
203 250.0 20.606002807617188 2148.830078125
145.0
200.0
204 250.0 19.551239013671875 2002.9600830078125
200.0
133.0
205 250.0 18.211069107055664 1915.9073486328125
155.0
173.0
206 250.0 19.867338180541992 2014.306396484375
137.0
181.0
207 250.0 20.835142135620117 2111.2294921875
200.0
169.0
208 250.0 18.997339248657227 2030.9542236328125
200.0
200.0
209 250.0 20.74921989440918 2069.33447265625
200.0
200.0
210 250.0 20.471254348754883 2044.9129638671875
200.0
200.0
211 250.0 20.082063674926758 2038.2918701171875
200.0
103.0
162.0
212 166.66666666666666 14.863659858703613 1631.732421875
200.0
141.0
213 250.0 20.181432723999023 2108.57373046875
200.0
177.0
214 250.0 18.81007194519043 1940.275146484375
72.0
200.0
195.0
215 166.66666666666666 15.981989860534668 1772.464111328125
200.0
200.0
216 250.0 18.459505081176758 1955.1151123046875
51.0
200.0
200.0
217 166.66666666666666 18.09699249267578 1794.661376953125
200.0
200.0
218 250.0 18.916179656982422 1970.87255859375
200.0
200.0
219 250.0 18.671096801757812 1932.9473876953125
142.0
200.0
141.0
220 166.66666666666666 15.439623832702637 1649.781005859375
97.0
170.0
200.0
221 166.66666666666666 15.15555477142334 1577.0933837890625
200.0
200.0
222 250.0 18.658506393432617 1901.7440185546875
200.0
192.0
223 250.0 17.249658584594727 1866.8319091796875
200.0
135.0
224 250.0 18.532567977905273 1898.6346435546875
200.0
200.0
225 250.0 19.71385955810547 2015.428466796875
200.0
200.0
226 250.0 18.193540573120117 1816.1893310546875
200.0
172.0
227 250.0 18.245508193969727 1756.0833740234375
184.0
200.0
228 250.0 17.396282196044922 1761.7490234375
200.0
200.0
229 250.0 18.120460510253906 1860.244140625
200.0
199.0
230 250.0 17.948989868164062 1817.6771240234375
200.0
200.0
231 250.0 19.334566116333008 1816.8968505859375
200.0
156.0
232 250.0 16.955629348754883 1751.8555908203125
176.0
126.0
148.0
233 166.66666666666666 11.878814697265625 1277.031005859375
200.0
160.0
234 250.0 16.400161743164062 1657.3505859375
200.0
200.0
235 250.0 16.63245964050293 1707.7811279296875
200.0
170.0
236 250.0 18.58946990966797 1726.1256103515625
200.0
158.0
237 250.0 16.437822341918945 1698.1436767578125
200.0
200.0
238 250.0 18.225196838378906 1714.66015625
117.0
200.0
239 250.0 16.75968360900879 1758.594482421875
200.0
200.0
240 250.0 17.597902297973633 1645.741455078125
194.0
155.0
241 250.0 14.786433219909668 1626.0843505859375
200.0
156.0
242 250.0 17.04632568359375 1627.3388671875
200.0
200.0
243 250.0 15.833893775939941 1704.65283203125
200.0
200.0
244 250.0 16.068580627441406 1530.38671875
200.0
200.0
245 250.0 16.031721115112305 1609.7049560546875
200.0
200.0
246 250.0 16.372220993041992 1621.1832275390625
200.0
200.0
247 250.0 16.88426971435547 1606.26904296875
191.0
200.0
248 250.0 15.768624305725098 1559.6658935546875
200.0
200.0
249 250.0 15.75866985321045 1511.9835205078125
187.0
200.0
250 250.0 16.459800720214844 1605.8211669921875
200.0
163.0
57.0
251 166.66666666666666 11.302916526794434 1243.3038330078125
200.0
200.0
252 250.0 17.226579666137695 1552.752685546875
200.0
200.0
253 250.0 15.66102123260498 1464.533447265625
200.0
200.0
254 250.0 15.829841613769531 1515.076171875
137.0
176.0
186.0
255 166.66666666666666 10.10539436340332 1501.384521484375
111.0
200.0
256 250.0 15.255438804626465 1785.2471923828125
200.0
200.0
257 250.0 14.531641960144043 1413.2393798828125
123.0
126.0
200.0
258 166.66666666666666 8.483647346496582 1243.4471435546875
150.0
200.0
259 250.0 13.423670768737793 1571.76123046875
182.0
190.0
260 250.0 14.105480194091797 1389.646240234375
200.0
200.0
261 250.0 15.085806846618652 1436.86376953125
116.0
200.0
152.0
262 166.66666666666666 8.962434768676758 1214.51708984375
200.0
199.0
263 250.0 13.606613159179688 1331.466064453125
200.0
200.0
264 250.0 15.125139236450195 1404.880859375
200.0
167.0
265 250.0 12.411248207092285 1359.990234375
200.0
200.0
266 250.0 13.909923553466797 1389.015380859375
200.0
200.0
267 250.0 14.084456443786621 1315.8270263671875
200.0
200.0
268 250.0 14.703277587890625 1350.4970703125
200.0
200.0
269 250.0 13.908449172973633 1261.749755859375
200.0
200.0
270 250.0 12.575176239013672 1332.1036376953125
200.0
200.0
271 250.0 12.832131385803223 1270.5255126953125
171.0
200.0
272 250.0 13.158919334411621 1194.4771728515625
200.0
200.0
273 250.0 12.104706764221191 1216.4129638671875
200.0
200.0
274 250.0 14.468381881713867 1300.0491943359375
200.0
200.0
275 250.0 13.484185218811035 1300.1285400390625
200.0
200.0
276 250.0 12.885493278503418 1243.9986572265625
200.0
200.0
277 250.0 11.935430526733398 1182.5748291015625
200.0
200.0
278 250.0 13.965054512023926 1157.959716796875
200.0
200.0
279 250.0 13.30324649810791 1088.03662109375
200.0
200.0
280 250.0 12.698897361755371 1198.4383544921875
200.0
200.0
281 250.0 14.183286666870117 1178.3839111328125
200.0
200.0
282 250.0 12.901352882385254 1226.953857421875
200.0
200.0
283 250.0 12.066293716430664 1144.335693359375
200.0
200.0
284 250.0 12.282766342163086 1153.25
200.0
200.0
285 250.0 11.890945434570312 1194.5751953125
200.0
200.0
286 250.0 12.850818634033203 1193.53271484375
200.0
200.0
287 250.0 10.932107925415039 1136.951171875
200.0
200.0
288 250.0 11.822839736938477 1095.995849609375
200.0
200.0
289 250.0 12.148768424987793 1095.8753662109375
200.0
200.0
290 250.0 11.83007526397705 1036.6417236328125
200.0
200.0
291 250.0 11.122564315795898 1009.7888793945312
200.0
200.0
292 250.0 10.723618507385254 1087.8017578125
200.0
200.0
293 250.0 10.405850410461426 1018.6358032226562
200.0
200.0
294 250.0 10.814284324645996 1046.564453125
200.0
200.0
295 250.0 10.207357406616211 1044.547119140625
200.0
200.0
296 250.0 11.55273723602295 1007.9898681640625
200.0
200.0
297 250.0 11.593954086303711 1015.2247924804688
200.0
200.0
298 250.0 10.606635093688965 1064.902099609375
200.0
200.0
299 250.0 9.651121139526367 908.6061401367188
200.0
200.0
300 250.0 10.47120189666748 990.029296875
200.0
200.0
301 250.0 10.920068740844727 921.2942504882812
200.0
200.0
302 250.0 9.890153884887695 992.8641357421875
200.0
200.0
303 250.0 10.377220153808594 950.1220703125
200.0
152.0
304 250.0 8.119403839111328 1016.6250610351562
200.0
200.0
305 250.0 9.440348625183105 905.6902465820312
200.0
200.0
306 250.0 9.056356430053711 966.0465087890625
200.0
200.0
307 250.0 9.821881294250488 884.0735473632812
200.0
200.0
308 250.0 10.342508316040039 914.1390380859375
200.0
200.0
309 250.0 8.988003730773926 945.2350463867188
200.0
200.0
310 250.0 9.942532539367676 846.1764526367188
200.0
200.0
311 250.0 9.64359188079834 886.3211669921875
200.0
200.0
312 250.0 8.461601257324219 854.4793701171875
200.0
200.0
313 250.0 8.583011627197266 804.0082397460938
200.0
200.0
314 250.0 8.663121223449707 844.736083984375
117.0
200.0
315 250.0 8.048314094543457 983.1595458984375
200.0
200.0
316 250.0 8.412643432617188 799.9910888671875
128.0
200.0
317 250.0 7.719501972198486 1207.894287109375
200.0
200.0
318 250.0 8.13170337677002 866.0657348632812
200.0
200.0
319 250.0 8.550122261047363 778.648193359375
200.0
200.0
320 250.0 7.430285930633545 800.25537109375
200.0
200.0
321 250.0 7.346333026885986 778.9464111328125
200.0
200.0
322 250.0 7.6080498695373535 700.1160278320312
200.0
200.0
323 250.0 8.316634178161621 808.5321044921875
200.0
200.0
324 250.0 6.08879280090332 714.5741577148438
200.0
200.0
325 250.0 6.858331203460693 760.8092041015625
200.0
135.0
326 250.0 7.121401786804199 744.6421508789062
200.0
200.0
327 250.0 7.482843399047852 781.9890747070312
200.0
103.0
328 250.0 7.390593528747559 1002.1580200195312
200.0
200.0
329 250.0 6.451054573059082 644.6467895507812
169.0
200.0
330 250.0 5.114907264709473 730.2454223632812
168.0
200.0
331 250.0 6.38187837600708 702.1526489257812
200.0
200.0
332 250.0 6.211441993713379 673.3548583984375
150.0
200.0
333 250.0 4.730990409851074 900.7471313476562
200.0
200.0
334 250.0 6.033904552459717 646.7276611328125
200.0
200.0
335 250.0 5.83300256729126 667.5501098632812
200.0
200.0
336 250.0 3.8345766067504883 652.6189575195312
200.0
200.0
337 250.0 4.685269832611084 737.4352416992188
200.0
200.0
338 250.0 4.252590656280518 706.5775146484375
200.0
200.0
339 250.0 5.976486682891846 724.5128784179688
200.0
200.0
340 250.0 2.411882162094116 914.957275390625
200.0
200.0
341 250.0 4.563433647155762 809.5433959960938
200.0
200.0
342 250.0 5.09835147857666 644.86181640625
200.0
200.0
343 250.0 4.259146213531494 627.2609252929688
200.0
200.0
344 250.0 3.9396910667419434 695.6396484375
200.0
200.0
345 250.0 5.660083770751953 649.4299926757812
200.0
200.0
346 250.0 4.249960422515869 594.9530029296875
200.0
200.0
347 250.0 4.275793552398682 592.58056640625
200.0
200.0
348 250.0 4.799961090087891 611.6679077148438
200.0
200.0
349 250.0 5.964272975921631 717.8949584960938
200.0
200.0
350 250.0 2.832818031311035 590.7317504882812
200.0
200.0
351 250.0 3.1807544231414795 669.5679931640625
200.0
200.0
352 250.0 2.935363531112671 606.31591796875
200.0
200.0
353 250.0 3.4548518657684326 656.9522705078125
104.0
200.0
354 250.0 3.1311028003692627 898.4854125976562
200.0
147.0
355 250.0 1.7973101139068604 594.14697265625
200.0
200.0
356 250.0 2.762010335922241 694.076904296875
200.0
200.0
357 250.0 2.6552484035491943 616.9923095703125
200.0
200.0
358 250.0 2.8055331707000732 532.13037109375
200.0
200.0
359 250.0 1.8201470375061035 550.537841796875
200.0
200.0
360 250.0 2.5329267978668213 522.9679565429688
200.0
200.0
361 250.0 1.913366675376892 552.8258056640625
200.0
200.0
362 250.0 2.583611249923706 576.5929565429688
200.0
175.0
363 250.0 0.8454307317733765 700.3239135742188
200.0
200.0
364 250.0 1.2014442682266235 533.144775390625
200.0
200.0
365 250.0 1.3612658977508545 578.509765625
106.0
145.0
200.0
366 166.66666666666666 -5.1745924949646 917.2145385742188
200.0
200.0
367 250.0 1.7003532648086548 563.5875854492188
200.0
188.0
368 250.0 1.283138632774353 655.552001953125
200.0
200.0
369 250.0 0.6297120451927185 560.1613159179688
200.0
200.0
370 250.0 -0.0033104470930993557 682.3868408203125
200.0
200.0
371 250.0 1.486082673072815 578.3745727539062
200.0
200.0
372 250.0 1.1959314346313477 548.3085327148438
200.0
200.0
373 250.0 0.3152562379837036 499.0837707519531
200.0
200.0
374 250.0 1.1360571384429932 571.11962890625
200.0
124.0
375 250.0 -0.402868390083313 843.9403076171875
200.0
200.0
376 250.0 1.9364838600158691 550.5646362304688
186.0
200.0
377 250.0 -1.8876060247421265 961.7506103515625
200.0
200.0
378 250.0 0.8226584196090698 610.5935668945312
200.0
200.0
379 250.0 -1.5032737255096436 761.5257568359375
200.0
200.0
380 250.0 -0.46287158131599426 720.8543090820312
200.0
200.0
381 250.0 -0.4877679646015167 541.323974609375
200.0
200.0
382 250.0 0.13831181824207306 556.0922241210938
200.0
200.0
383 250.0 -0.599621057510376 561.2614135742188
200.0
200.0
384 250.0 -1.2449638843536377 552.0701904296875
200.0
114.0
385 250.0 -0.20411542057991028 879.9009399414062
200.0
151.0
130.0
386 166.66666666666666 -5.889091968536377 896.048095703125
200.0
200.0
387 250.0 0.07547299563884735 626.8032836914062
200.0
80.0
200.0
388 166.66666666666666 -3.6925647258758545 734.6268920898438
200.0
200.0
389 250.0 0.16674022376537323 594.1256713867188
200.0
200.0
390 250.0 -0.30207711458206177 639.7788696289062
200.0
200.0
391 250.0 -1.2336100339889526 779.902099609375
200.0
200.0
392 250.0 -2.1685664653778076 791.5885009765625
200.0
200.0
393 250.0 -1.5704516172409058 863.8156127929688
200.0
200.0
394 250.0 1.6667039394378662 717.249267578125
200.0
175.0
395 250.0 -2.8321988582611084 1046.9180908203125
160.0
144.0
396 250.0 -2.5577023029327393 1265.435791015625
200.0
200.0
397 250.0 -0.036129556596279144 949.4185180664062
200.0
193.0
398 250.0 -2.9930965900421143 766.2853393554688
200.0
200.0
399 250.0 0.19534040987491608 671.7996215820312
200.0
200.0
400 250.0 0.6747660636901855 528.780029296875
200.0
62.0
200.0
401 166.66666666666666 -4.222471714019775 719.4011840820312
166.0
200.0
402 250.0 -2.457770824432373 922.895751953125
125.0
200.0
172.0
403 166.66666666666666 -6.175407409667969 942.490478515625
200.0
200.0
404 250.0 0.3686622977256775 655.1605224609375
200.0
200.0
405 250.0 -0.1824912279844284 618.3150634765625
200.0
200.0
406 250.0 -0.3821653723716736 726.3084716796875
200.0
200.0
407 250.0 0.39275482296943665 688.1587524414062
200.0
200.0
408 250.0 0.3564664423465729 642.75537109375
155.0
200.0
409 250.0 1.2887123823165894 956.3970336914062
200.0
200.0
410 250.0 0.22709345817565918 525.348876953125
200.0
200.0
411 250.0 1.371701955795288 530.1256713867188
200.0
173.0
412 250.0 -0.7164722084999084 723.658447265625
200.0
200.0
413 250.0 0.11865899711847305 570.4677124023438
200.0
200.0
414 250.0 0.06486750394105911 621.01416015625
200.0
200.0
415 250.0 0.1609451174736023 571.720458984375
200.0
200.0
416 250.0 0.9248523712158203 531.4771728515625
200.0
152.0
417 250.0 1.0245909690856934 634.7279663085938
200.0
200.0
418 250.0 0.8950756192207336 564.6610107421875
200.0
200.0
419 250.0 0.43024036288261414 609.1356201171875
200.0
200.0
420 250.0 1.4880179166793823 547.5833129882812
200.0
200.0
421 250.0 1.076900601387024 574.71923828125
200.0
197.0
422 250.0 1.3236836194992065 551.7181396484375
200.0
184.0
423 250.0 0.6005449295043945 594.9124755859375
174.0
200.0
424 250.0 0.7137044072151184 564.0282592773438
200.0
200.0
425 250.0 1.9543873071670532 543.907958984375
200.0
200.0
426 250.0 0.591040849685669 534.6773071289062
200.0
200.0
427 250.0 1.1418185234069824 581.8795166015625
200.0
200.0
428 250.0 1.4726089239120483 444.8928527832031
200.0
200.0
429 250.0 1.1804083585739136 513.6517333984375
200.0
200.0
430 250.0 0.7031944394111633 562.103515625
172.0
200.0
431 250.0 0.7664567828178406 555.7258911132812
200.0
200.0
432 250.0 2.083261251449585 409.52386474609375
200.0
200.0
433 250.0 2.4209227561950684 430.44366455078125
200.0
200.0
434 250.0 1.7787543535232544 480.8966369628906
200.0
188.0
435 250.0 1.2995970249176025 444.6542053222656
200.0
200.0
436 250.0 2.020395278930664 417.7570495605469
200.0
200.0
437 250.0 1.3496570587158203 474.4103088378906
200.0
200.0
438 250.0 1.5539259910583496 428.5545654296875
200.0
200.0
439 250.0 1.594822645187378 463.37066650390625
200.0
200.0
440 250.0 2.1323330402374268 448.8247375488281
200.0
146.0
441 250.0 1.7238030433654785 525.1942749023438
200.0
200.0
442 250.0 1.3657212257385254 385.8327331542969
200.0
200.0
443 250.0 2.397514581680298 401.80084228515625
200.0
200.0
444 250.0 0.9843142032623291 420.6972351074219
200.0
200.0
445 250.0 1.54734468460083 345.2330322265625
200.0
200.0
446 250.0 0.6331098079681396 368.19329833984375
200.0
200.0
447 250.0 1.1988511085510254 402.9078369140625
200.0
200.0
448 250.0 0.06873641908168793 442.5487976074219
200.0
200.0
449 250.0 0.10747437179088593 395.5885314941406
200.0
200.0
450 250.0 0.6552327871322632 383.0303039550781
129.0
200.0
451 250.0 0.9744017124176025 504.0728454589844
200.0
200.0
452 250.0 1.0893186330795288 363.22784423828125
200.0
200.0
453 250.0 -0.30519697070121765 394.8608703613281
200.0
200.0
454 250.0 -0.23424255847930908 387.6714782714844
200.0
200.0
455 250.0 0.4158724844455719 393.36187744140625
200.0
200.0
456 250.0 1.0120306015014648 333.728759765625
200.0
91.0
200.0
457 166.66666666666666 -2.7074661254882812 594.502197265625
200.0
200.0
458 250.0 -1.7137126922607422 374.51885986328125
200.0
200.0
459 250.0 0.2845611572265625 433.7047119140625
200.0
200.0
460 250.0 -0.2748095989227295 378.8724060058594
200.0
200.0
461 250.0 -0.004309230018407106 349.15753173828125
200.0
175.0
462 250.0 -0.21554388105869293 474.757080078125
200.0
114.0
463 250.0 -0.7323195934295654 604.3312377929688
200.0
200.0
464 250.0 -0.37078356742858887 393.4517517089844
200.0
200.0
465 250.0 0.24876713752746582 396.241455078125
200.0
182.0
466 250.0 0.6098462343215942 453.7193603515625
200.0
200.0
467 250.0 0.4033301770687103 302.0187072753906
200.0
200.0
468 250.0 0.22829899191856384 389.4449768066406
200.0
200.0
469 250.0 -2.2081024646759033 412.7050476074219
200.0
130.0
470 250.0 1.6210402250289917 466.04034423828125
200.0
200.0
471 250.0 -0.99713534116745 323.57086181640625
200.0
200.0
472 250.0 -0.03897443413734436 339.2218017578125
200.0
200.0
473 250.0 -2.329718589782715 469.4849853515625
200.0
200.0
474 250.0 0.26536548137664795 285.4733581542969
200.0
200.0
475 250.0 0.49523746967315674 341.6483154296875
200.0
200.0
476 250.0 1.5309221744537354 339.230224609375
200.0
200.0
477 250.0 -0.9716899394989014 274.61737060546875
200.0
200.0
478 250.0 1.5870929956436157 298.8023986816406
200.0
200.0
479 250.0 1.3591639995574951 335.8083801269531
132.0
189.0
480 250.0 0.15690723061561584 443.3731384277344
200.0
197.0
481 250.0 0.2470916360616684 244.0737762451172
200.0
200.0
482 250.0 2.4498794078826904 298.3655090332031
200.0
200.0
483 250.0 0.6448678374290466 268.23297119140625
200.0
200.0
484 250.0 0.9590967297554016 236.21954345703125
200.0
200.0
485 250.0 0.140669584274292 261.00286865234375
200.0
200.0
486 250.0 -0.756994366645813 301.3978576660156
200.0
200.0
487 250.0 -1.3518271446228027 290.3789367675781
200.0
200.0
488 250.0 0.43791401386260986 193.53941345214844
200.0
200.0
489 250.0 1.0377283096313477 257.4831237792969
200.0
200.0
490 250.0 1.018126130104065 235.32595825195312
160.0
200.0
491 250.0 -0.7859833836555481 364.55645751953125
200.0
200.0
492 250.0 -0.03542560338973999 211.3073272705078
200.0
165.0
493 250.0 0.5340937376022339 314.6659851074219
200.0
200.0
494 250.0 -2.7247493267059326 285.2341613769531
200.0
200.0
495 250.0 2.244000196456909 221.3157196044922
200.0
200.0
496 250.0 0.8578076362609863 259.4585266113281
200.0
200.0
497 250.0 0.8288710117340088 227.19947814941406
200.0
93.0
200.0
498 166.66666666666666 -6.291838645935059 597.1025390625
200.0
200.0
499 250.0 -1.1105104684829712 243.08433532714844
200.0
200.0
500 250.0 1.7920962572097778 239.97669982910156
200.0
200.0
501 250.0 -0.9312294125556946 266.3392333984375
200.0
155.0
502 250.0 1.606575608253479 375.9470520019531
200.0
200.0
503 250.0 0.571527361869812 299.8518371582031
200.0
106.0
163.0
504 166.66666666666666 -5.316694736480713 671.3051147460938
200.0
200.0
505 250.0 -0.299667626619339 265.0270690917969
200.0
200.0
506 250.0 0.5127646923065186 186.07745361328125
200.0
200.0
507 250.0 0.7966364622116089 220.09840393066406
200.0
200.0
508 250.0 -0.9168879389762878 262.55523681640625
200.0
200.0
509 250.0 1.3002067804336548 201.81509399414062
200.0
200.0
510 250.0 -1.1683225631713867 245.18328857421875
200.0
200.0
511 250.0 0.10456817597150803 190.51173400878906
200.0
200.0
512 250.0 1.11236572265625 200.1771240234375
200.0
181.0
513 250.0 1.2721425294876099 157.3880157470703
200.0
200.0
514 250.0 1.6927098035812378 152.0655517578125
200.0
200.0
515 250.0 -1.3639235496520996 281.67828369140625
200.0
200.0
516 250.0 -0.6495951414108276 139.77536010742188
199.0
200.0
517 250.0 1.0953369140625 142.98377990722656
200.0
200.0
518 250.0 0.6773940920829773 255.2828369140625
200.0
200.0
519 250.0 -1.73435640335083 448.6217956542969
173.0
200.0
520 250.0 -5.00662899017334 321.5419006347656
200.0
200.0
521 250.0 1.4330947399139404 178.47158813476562
200.0
200.0
522 250.0 1.5305501222610474 151.99627685546875
200.0
200.0
523 250.0 1.7962992191314697 185.57296752929688
200.0
200.0
524 250.0 -1.681281328201294 257.1103210449219
200.0
200.0
525 250.0 0.9187182784080505 127.14669799804688
200.0
200.0
526 250.0 0.4302006959915161 169.74440002441406
200.0
99.0
200.0
527 166.66666666666666 -1.7132980823516846 372.175048828125
200.0
200.0
528 250.0 -2.0731863975524902 436.8049011230469
200.0
200.0
529 250.0 1.4336854219436646 290.0048522949219
200.0
200.0
530 250.0 -1.5891190767288208 367.2529602050781
200.0
169.0
531 250.0 1.7136143445968628 190.49392700195312
200.0
200.0
532 250.0 0.5190768837928772 126.95472717285156
200.0
200.0
533 250.0 2.370753288269043 236.68338012695312
200.0
200.0
534 250.0 -0.9986234903335571 265.41070556640625
200.0
200.0
535 250.0 -1.545437216758728 284.3896179199219
200.0
200.0
536 250.0 -2.893378973007202 262.7431335449219
200.0
109.0
537 250.0 -2.1077358722686768 509.8924255371094
200.0
200.0
538 250.0 -1.0751506090164185 256.5681457519531
200.0
200.0
539 250.0 -2.3782546520233154 258.5989685058594
200.0
200.0
540 250.0 -2.434201240539551 334.9654235839844
200.0
200.0
541 250.0 -1.509387493133545 134.09164428710938
200.0
200.0
542 250.0 2.407533645629883 177.91317749023438
200.0
200.0
543 250.0 1.9992928504943848 122.10572814941406
200.0
200.0
544 250.0 2.664785623550415 212.68612670898438
200.0
200.0
545 250.0 -2.704005479812622 269.3118896484375
200.0
200.0
546 250.0 -0.6936808824539185 404.14996337890625
200.0
200.0
547 250.0 2.692955493927002 192.46295166015625
200.0
200.0
548 250.0 1.3121845722198486 117.35311126708984
200.0
200.0
549 250.0 0.5652668476104736 129.73757934570312
200.0
200.0
550 250.0 0.6595556139945984 191.90338134765625
200.0
200.0
551 250.0 -3.633831262588501 355.0917053222656
174.0
200.0
552 250.0 0.4084945023059845 130.24996948242188
200.0
200.0
553 250.0 1.7198610305786133 153.25782775878906
200.0
200.0
554 250.0 1.614343523979187 105.54710388183594
200.0
200.0
555 250.0 -2.377629041671753 416.7530212402344
200.0
200.0
556 250.0 0.9048405289649963 253.05662536621094
200.0
200.0
557 250.0 0.7204790115356445 151.4264678955078
170.0
200.0
558 250.0 1.862038493156433 169.54954528808594
200.0
200.0
559 250.0 2.8542604446411133 129.659423828125
200.0
200.0
560 250.0 0.9479566812515259 128.62332153320312
200.0
200.0
561 250.0 -5.951288223266602 600.4661865234375
200.0
200.0
562 250.0 -0.06203771382570267 106.49913787841797
200.0
200.0
563 250.0 1.2867480516433716 326.0146179199219
200.0
200.0
564 250.0 -2.826974391937256 248.91258239746094
200.0
200.0
565 250.0 0.2985767722129822 331.6161804199219
200.0
200.0
566 250.0 -1.6492160558700562 281.9749755859375
200.0
200.0
567 250.0 -2.0970566272735596 224.6431884765625
200.0
200.0
568 250.0 1.7237176895141602 152.254150390625
200.0
200.0
569 250.0 -0.6506316065788269 257.10418701171875
200.0
200.0
570 250.0 -0.8436691164970398 318.1282043457031
200.0
200.0
571 250.0 0.2943287193775177 236.54922485351562
200.0
200.0
572 250.0 -0.21226410567760468 437.0456848144531
200.0
200.0
573 250.0 -2.192545175552368 272.785400390625
200.0
200.0
574 250.0 -0.16693566739559174 93.4983901977539
200.0
200.0
575 250.0 -2.505530595779419 231.36669921875
200.0
200.0
576 250.0 -4.960268497467041 434.6952819824219
200.0
200.0
577 250.0 -1.0630531311035156 277.3770751953125
200.0
200.0
578 250.0 -1.7211945056915283 261.5498046875
200.0
200.0
579 250.0 -4.121058940887451 568.9298706054688
200.0
200.0
580 250.0 -0.7184160947799683 267.85467529296875
200.0
200.0
581 250.0 -1.8152965307235718 246.7545623779297
200.0
200.0
582 250.0 -0.9901241064071655 99.19662475585938
200.0
200.0
583 250.0 -2.5054354667663574 209.421875
200.0
200.0
584 250.0 0.5316519737243652 305.9513854980469
200.0
200.0
585 250.0 1.7414568662643433 261.35650634765625
200.0
200.0
586 250.0 -0.33368346095085144 286.91253662109375
200.0
200.0
587 250.0 1.3630834817886353 243.0001983642578
200.0
200.0
588 250.0 0.8468790650367737 166.10987854003906
200.0
200.0
589 250.0 -2.206557512283325 214.3282928466797
200.0
200.0
590 250.0 3.284914493560791 156.61465454101562
200.0
200.0
591 250.0 -2.01458740234375 281.59344482421875
153.0
200.0
592 250.0 -3.157630443572998 259.61810302734375
200.0
200.0
593 250.0 -1.0239983797073364 293.1381530761719
200.0
200.0
594 250.0 -4.507242679595947 512.4578857421875
200.0
200.0
595 250.0 -2.3755745887756348 450.4490051269531
200.0
200.0
596 250.0 -0.5876750349998474 274.291259765625
152.0
200.0
597 250.0 1.484800934791565 292.1785888671875
200.0
200.0
598 250.0 6.058422565460205 277.2445983886719
200.0
200.0
599 250.0 4.1032915115356445 317.87860107421875
200.0
200.0
600 250.0 3.0123844146728516 157.5231475830078
179.0
200.0
65.0
601 166.66666666666666 -3.184539794921875 602.7547607421875
200.0
105.0
602 250.0 -0.7660348415374756 724.6195678710938
200.0
200.0
603 250.0 0.6134123206138611 172.5201416015625
200.0
200.0
604 250.0 0.9348317384719849 516.0592041015625
200.0
200.0
605 250.0 -0.20656821131706238 325.4853210449219
200.0
200.0
606 250.0 1.3560302257537842 278.89483642578125
200.0
158.0
607 250.0 -5.440398216247559 471.2080993652344
200.0
200.0
608 250.0 0.7916817665100098 554.37451171875
200.0
200.0
609 250.0 -2.828730821609497 290.8130187988281
200.0
200.0
610 250.0 -1.2045631408691406 588.6077880859375
200.0
200.0
611 250.0 -0.5188589692115784 244.46835327148438
200.0
200.0
612 250.0 -1.801674485206604 519.1961059570312
200.0
200.0
613 250.0 -3.779013156890869 397.8282775878906
200.0
200.0
614 250.0 -5.678256511688232 868.0962524414062
200.0
200.0
615 250.0 -2.3983993530273438 237.15138244628906
200.0
182.0
616 250.0 -4.171353816986084 1015.5744018554688
200.0
200.0
617 250.0 -1.7200579643249512 537.2401733398438
200.0
109.0
618 250.0 -5.510401248931885 1017.5369262695312
200.0
200.0
619 250.0 -5.817634105682373 852.103515625
200.0
200.0
620 250.0 -5.617429733276367 777.4177856445312
200.0
200.0
621 250.0 -2.70904803276062 613.4541015625
200.0
200.0
622 250.0 -2.5889458656311035 825.761962890625
200.0
200.0
623 250.0 -5.251524448394775 1008.6136474609375
200.0
200.0
624 250.0 -2.187267780303955 636.2989501953125
200.0
200.0
625 250.0 -5.110540866851807 1111.3680419921875
200.0
200.0
626 250.0 -6.009035110473633 1373.8369140625
200.0
200.0
627 250.0 -4.033140182495117 537.041259765625
200.0
200.0
628 250.0 0.22323313355445862 497.9452209472656
200.0
200.0
629 250.0 -7.446743488311768 1220.8817138671875
200.0
200.0
630 250.0 -1.1178398132324219 418.6658935546875
200.0
200.0
631 250.0 -2.854930877685547 833.874267578125
200.0
200.0
632 250.0 1.528014898300171 609.9789428710938
200.0
200.0
633 250.0 -3.933152914047241 733.18115234375
200.0
200.0
634 250.0 -5.256699085235596 1140.546142578125
200.0
200.0
635 250.0 -6.746145725250244 1069.159423828125
200.0
200.0
636 250.0 0.7399470806121826 424.53753662109375
200.0
200.0
637 250.0 -3.072476863861084 655.1755981445312
200.0
200.0
638 250.0 -2.8802096843719482 655.1693725585938
200.0
200.0
639 250.0 -0.6092777848243713 572.8120727539062
200.0
200.0
640 250.0 -3.385236978530884 801.9600830078125
200.0
160.0
641 250.0 0.21034421026706696 1006.416259765625
200.0
200.0
642 250.0 -5.670831680297852 942.5479736328125
200.0
200.0
643 250.0 0.39883413910865784 761.4540405273438
172.0
200.0
644 250.0 -4.782832145690918 1058.1075439453125
200.0
200.0
645 250.0 -4.54874849319458 916.5173950195312
200.0
200.0
646 250.0 -2.841979503631592 639.8790893554688
200.0
200.0
647 250.0 -5.030371189117432 852.2257080078125
200.0
200.0
648 250.0 -2.4376344680786133 802.220947265625
200.0
200.0
649 250.0 1.4666765928268433 533.1065063476562
200.0
121.0
650 250.0 -7.51165246963501 1248.5743408203125
200.0
200.0
651 250.0 0.31038734316825867 577.2930297851562
200.0
200.0
652 250.0 -1.9168027639389038 1408.3642578125
190.0
126.0
653 250.0 -0.8825297355651855 897.3505859375
200.0
200.0
654 250.0 4.003796577453613 646.6991577148438
200.0
200.0
655 250.0 1.627864956855774 609.1860961914062
200.0
200.0
656 250.0 -2.2767016887664795 608.5520629882812
200.0
200.0
657 250.0 -1.6360251903533936 852.7145385742188
200.0
200.0
658 250.0 0.6967791318893433 1026.414306640625
200.0
200.0
659 250.0 -2.474374771118164 918.4319458007812
200.0
200.0
660 250.0 -5.168459892272949 1281.494384765625
200.0
200.0
661 250.0 -1.0206289291381836 1127.4168701171875
200.0
200.0
662 250.0 -4.9502739906311035 1041.8330078125
200.0
200.0
663 250.0 -1.499022126197815 859.175048828125
200.0
200.0
664 250.0 0.4365006387233734 1061.6881103515625
200.0
194.0
665 250.0 -1.6540188789367676 1611.126708984375
200.0
200.0
666 250.0 -0.6715096235275269 1167.0535888671875
200.0
200.0
667 250.0 -1.4438740015029907 1071.67431640625
200.0
194.0
668 250.0 -4.059758186340332 1369.8853759765625
200.0
186.0
669 250.0 -3.992748260498047 1692.009521484375
200.0
200.0
670 250.0 1.68803870677948 803.3950805664062
200.0
200.0
671 250.0 -1.6053414344787598 1239.4757080078125
200.0
200.0
672 250.0 -5.899127006530762 1531.6500244140625
198.0
200.0
673 250.0 -2.6107776165008545 1408.6182861328125
200.0
200.0
674 250.0 -2.47194242477417 1188.728759765625
200.0
200.0
675 250.0 -2.4532651901245117 1452.00634765625
190.0
194.0
676 250.0 -3.997302293777466 1809.1949462890625
141.0
200.0
677 250.0 1.036445140838623 1483.888671875
181.0
200.0
678 250.0 -3.30989146232605 1319.1297607421875
200.0
200.0
679 250.0 -1.5475049018859863 1329.3746337890625
200.0
200.0
680 250.0 0.2766021490097046 1284.271728515625
183.0
200.0
681 250.0 -0.387827605009079 1387.0355224609375
200.0
200.0
682 250.0 -1.4142496585845947 1218.5499267578125
200.0
169.0
683 250.0 -0.3127935826778412 1154.2178955078125
200.0
136.0
684 250.0 2.4856467247009277 1098.62060546875
200.0
161.0
685 250.0 -1.5301167964935303 1380.1400146484375
174.0
200.0
686 250.0 -2.835280179977417 1348.469970703125
200.0
180.0
687 250.0 1.142738938331604 1198.66943359375
189.0
166.0
688 250.0 1.5648107528686523 1377.6329345703125
140.0
165.0
158.0
689 166.66666666666666 -6.854813575744629 1480.9215087890625
163.0
197.0
690 250.0 0.8436360359191895 1295.60546875
132.0
200.0
153.0
691 166.66666666666666 -5.31189489364624 1345.8409423828125
168.0
200.0
692 250.0 1.7588610649108887 1019.2725219726562
153.0
155.0
180.0
693 166.66666666666666 -3.7273237705230713 1162.046875
185.0
146.0
148.0
694 166.66666666666666 -4.050698757171631 1206.2982177734375
172.0
172.0
120.0
695 166.66666666666666 -3.462815999984741 1121.5760498046875
149.0
132.0
98.0
696 166.66666666666666 -2.6042773723602295 1069.64404296875
180.0
148.0
697 250.0 3.3989369869232178 1044.878662109375
167.0
200.0
698 250.0 3.2506566047668457 1090.649658203125
160.0
164.0
169.0
699 166.66666666666666 -2.0745320320129395 1055.0618896484375
158.0
128.0
152.0
700 166.66666666666666 -2.9166178703308105 921.8099975585938
143.0
179.0
170.0
701 166.66666666666666 -1.9003185033798218 1041.330810546875
138.0
145.0
129.0
702 166.66666666666666 -1.9127914905548096 985.8243408203125
147.0
148.0
200.0
703 166.66666666666666 -1.4338343143463135 843.44482421875
200.0
129.0
169.0
704 166.66666666666666 -1.1438963413238525 960.5850830078125
177.0
143.0
705 250.0 4.177520275115967 1169.86376953125
169.0
134.0
130.0
706 166.66666666666666 -1.3787966966629028 735.3897705078125
177.0
132.0
112.0
707 166.66666666666666 -0.40644869208335876 775.4803466796875
165.0
166.0
114.0
708 166.66666666666666 -0.5034083724021912 652.3944702148438
184.0
174.0
709 250.0 4.945216655731201 804.0858154296875
200.0
200.0
710 250.0 5.5238142013549805 740.3821411132812
193.0
183.0
711 250.0 3.63106107711792 805.1801147460938
151.0
161.0
170.0
712 166.66666666666666 0.437774658203125 731.5223388671875
188.0
144.0
713 250.0 5.247013568878174 885.7474365234375
200.0
177.0
714 250.0 5.591190338134766 682.262451171875
200.0
178.0
715 250.0 5.236837863922119 762.5488891601562
195.0
170.0
716 250.0 3.967287063598633 729.8158569335938
178.0
200.0
717 250.0 3.927126884460449 696.2059326171875
200.0
200.0
718 250.0 4.937719345092773 764.639404296875
200.0
200.0
719 250.0 3.2658209800720215 737.3585205078125
200.0
200.0
720 250.0 5.646554946899414 723.473876953125
200.0
165.0
721 250.0 4.082490921020508 699.0897216796875
200.0
200.0
722 250.0 6.221766948699951 599.9124755859375
200.0
200.0
723 250.0 6.288914680480957 537.9201049804688
200.0
200.0
724 250.0 4.460072040557861 602.5776977539062
200.0
200.0
725 250.0 6.953835487365723 632.2880249023438
200.0
200.0
726 250.0 5.209890842437744 541.4842529296875
200.0
200.0
727 250.0 4.01664924621582 643.6702270507812
200.0
200.0
728 250.0 4.579627513885498 504.3404541015625
200.0
200.0
729 250.0 3.7551941871643066 580.2322998046875
200.0
200.0
730 250.0 3.912691593170166 560.752197265625
200.0
200.0
731 250.0 3.366799831390381 460.6583251953125
200.0
200.0
732 250.0 6.63031005859375 493.4036560058594
200.0
200.0
733 250.0 2.9961862564086914 550.1268920898438
200.0
200.0
734 250.0 2.878481388092041 487.5567932128906
200.0
200.0
735 250.0 3.353602647781372 462.6246643066406
200.0
200.0
736 250.0 4.248959064483643 550.9255981445312
200.0
200.0
737 250.0 3.9563746452331543 464.7593994140625
200.0
200.0
738 250.0 4.2054572105407715 457.42578125
200.0
200.0
739 250.0 4.523720741271973 445.8177795410156
200.0
200.0
740 250.0 3.6237998008728027 410.61309814453125
200.0
200.0
741 250.0 4.992000579833984 442.1797180175781
200.0
200.0
742 250.0 2.014212131500244 493.9914855957031
200.0
200.0
743 250.0 2.8299970626831055 328.73345947265625
200.0
200.0
744 250.0 3.575716495513916 363.5293884277344
200.0
200.0
745 250.0 3.039065361022949 360.25872802734375
200.0
200.0
746 250.0 1.210428237915039 425.1121826171875
200.0
200.0
747 250.0 0.8617597222328186 422.7230529785156
114.0
200.0
748 250.0 1.4648370742797852 561.500732421875
200.0
200.0
749 250.0 3.8871591091156006 356.3857727050781
200.0
200.0
750 250.0 2.538339853286743 331.2608642578125
200.0
200.0
751 250.0 1.6717488765716553 362.9410095214844
200.0
200.0
752 250.0 1.8984711170196533 344.415283203125
200.0
200.0
753 250.0 3.0326595306396484 244.37631225585938
200.0
200.0
754 250.0 2.636399745941162 348.3176574707031
200.0
194.0
755 250.0 3.2887351512908936 244.365478515625
200.0
200.0
756 250.0 2.2898268699645996 303.10455322265625
200.0
200.0
757 250.0 -0.5915196537971497 393.8353271484375
200.0
200.0
758 250.0 0.6247551441192627 274.9163513183594
200.0
200.0
759 250.0 1.865924596786499 212.35618591308594
200.0
200.0
760 250.0 -1.8066344261169434 343.1120910644531
191.0
200.0
761 250.0 0.17478717863559723 190.13885498046875
200.0
200.0
762 250.0 0.4836793541908264 293.8083190917969
168.0
200.0
763 250.0 -1.3131561279296875 385.8359375
193.0
182.0
764 250.0 1.1751761436462402 223.71070861816406
200.0
200.0
765 250.0 -0.0715102031826973 214.62942504882812
200.0
150.0
766 250.0 -3.3758721351623535 372.1030578613281
200.0
200.0
767 250.0 0.1820179522037506 194.0929718017578
145.0
200.0
768 250.0 -0.21558889746665955 314.6387023925781
140.0
158.0
200.0
769 166.66666666666666 -5.707038402557373 394.13739013671875
170.0
200.0
770 250.0 -1.8722996711730957 299.1509704589844
175.0
183.0
110.0
771 166.66666666666666 -6.740413665771484 500.84222412109375
135.0
200.0
772 250.0 -1.2338182926177979 366.2728576660156
123.0
166.0
167.0
773 166.66666666666666 -6.269495010375977 411.5132751464844
200.0
136.0
143.0
774 166.66666666666666 -5.744059085845947 516.8226928710938
148.0
112.0
162.0
775 166.66666666666666 -5.347391128540039 431.9276428222656
200.0
186.0
776 250.0 -0.9138622879981995 195.27413940429688
151.0
200.0
147.0
777 166.66666666666666 -5.061186790466309 333.90155029296875
187.0
95.0
200.0
778 166.66666666666666 -5.48800802230835 459.3810119628906
197.0
200.0
779 250.0 0.8661297559738159 242.2590789794922
165.0
186.0
137.0
780 166.66666666666666 -4.330870151519775 273.28546142578125
200.0
200.0
781 250.0 -1.1200640201568604 185.3412322998047
159.0
200.0
782 250.0 -0.05946197360754013 136.25982666015625
200.0
200.0
783 250.0 -1.4632147550582886 292.14453125
145.0
161.0
166.0
784 166.66666666666666 -3.9965507984161377 264.09588623046875
200.0
179.0
785 250.0 -0.5351312160491943 170.4992218017578
200.0
178.0
786 250.0 -0.5703938007354736 176.476318359375
200.0
180.0
787 250.0 1.2388840913772583 111.71514892578125
185.0
194.0
788 250.0 0.14312399923801422 115.89454650878906
143.0
200.0
789 250.0 0.845217764377594 193.47593688964844
152.0
190.0
790 250.0 0.8430065512657166 150.61744689941406
193.0
164.0
791 250.0 1.8898253440856934 147.37857055664062
200.0
200.0
792 250.0 1.8919004201889038 113.42708587646484
200.0
200.0
793 250.0 1.581626296043396 187.78665161132812
194.0
189.0
794 250.0 1.5126688480377197 153.74334716796875
134.0
179.0
795 250.0 0.0787138044834137 161.4539794921875
180.0
163.0
796 250.0 2.0270185470581055 157.35997009277344
185.0
200.0
797 250.0 0.7349467873573303 101.71355438232422
200.0
200.0
798 250.0 -1.7751845121383667 243.43228149414062
194.0
182.0
799 250.0 -0.3450820744037628 132.1649169921875
176.0
195.0
800 250.0 3.395284652709961 167.43319702148438
200.0
200.0
801 250.0 1.1944295167922974 297.26708984375
164.0
200.0
802 250.0 -1.498960256576538 164.35353088378906
200.0
175.0
803 250.0 1.002183437347412 99.82656860351562
200.0
200.0
804 250.0 0.959837794303894 137.30982971191406
200.0
200.0
805 250.0 0.30736085772514343 209.23927307128906
200.0
200.0
806 250.0 -1.7668064832687378 307.4126281738281
198.0
200.0
807 250.0 2.905127763748169 167.0418243408203
200.0
200.0
808 250.0 -1.449967384338379 349.22833251953125
200.0
200.0
809 250.0 -2.6672096252441406 337.2995910644531
200.0
200.0
810 250.0 0.2899244725704193 173.2255096435547
200.0
200.0
811 250.0 -1.4722025394439697 285.7250061035156
200.0
200.0
812 250.0 -1.327845573425293 301.6361999511719
188.0
200.0
813 250.0 -1.0864886045455933 258.6174011230469
200.0
200.0
814 250.0 -0.9314839243888855 139.93641662597656
200.0
200.0
815 250.0 0.1527792513370514 220.41395568847656
200.0
200.0
816 250.0 -3.4567956924438477 643.7421875
200.0
200.0
817 250.0 -1.6885861158370972 268.0543212890625
200.0
200.0
818 250.0 0.3574846684932709 281.2383728027344
190.0
200.0
819 250.0 2.905876874923706 119.6605224609375
200.0
200.0
820 250.0 0.2787034213542938 344.6243896484375
200.0
200.0
821 250.0 0.36032816767692566 242.03033447265625
200.0
200.0
822 250.0 0.900418758392334 187.7356719970703
200.0
200.0
823 250.0 1.3789122104644775 140.94830322265625
200.0
200.0
824 250.0 1.310032606124878 132.2152862548828
200.0
200.0
825 250.0 2.202677011489868 142.36801147460938
200.0
200.0
826 250.0 0.9126407504081726 95.41423797607422
200.0
200.0
827 250.0 1.5896269083023071 380.69091796875
200.0
200.0
828 250.0 -0.021741613745689392 218.51806640625
200.0
200.0
829 250.0 -0.734438955783844 216.33753967285156
200.0
200.0
830 250.0 -3.0455610752105713 410.21234130859375
200.0
200.0
831 250.0 -0.14034892618656158 147.51414489746094
200.0
187.0
832 250.0 2.041476249694824 77.26861572265625
200.0
200.0
833 250.0 3.189460277557373 130.44064331054688
200.0
200.0
834 250.0 3.879012107849121 160.75320434570312
178.0
200.0
835 250.0 3.4251625537872314 139.9075469970703
200.0
200.0
836 250.0 -3.070138692855835 354.2856750488281
200.0
200.0
837 250.0 -1.0896662473678589 232.86668395996094
200.0
190.0
838 250.0 1.524437665939331 93.18194580078125
200.0
192.0
839 250.0 2.0345370769500732 76.91850280761719
200.0
200.0
840 250.0 -2.8214738368988037 250.6571502685547
200.0
200.0
841 250.0 2.039680004119873 81.4363021850586
190.0
200.0
842 250.0 0.24896182119846344 275.4750061035156
200.0
200.0
843 250.0 2.4918084144592285 101.0102767944336
200.0
176.0
844 250.0 0.5600237846374512 59.10896301269531
173.0
200.0
845 250.0 0.4033949673175812 52.89604187011719
200.0
134.0
846 250.0 -0.5983803868293762 159.98577880859375
200.0
200.0
847 250.0 -0.6720103025436401 125.4909439086914
197.0
197.0
848 250.0 1.4661571979522705 78.79454040527344
112.0
200.0
849 250.0 0.401854932308197 167.8060760498047
200.0
200.0
850 250.0 -1.6453255414962769 86.11691284179688
192.0
200.0
851 250.0 0.8993499279022217 59.73005676269531
200.0
200.0
852 250.0 -1.4395041465759277 73.3406982421875
200.0
177.0
853 250.0 1.415095329284668 77.91218566894531
165.0
200.0
854 250.0 1.7999508380889893 116.92330932617188
200.0
167.0
855 250.0 -3.181638479232788 327.1578063964844
200.0
200.0
856 250.0 -2.6009163856506348 281.54296875
188.0
200.0
857 250.0 1.4369651079177856 98.24754333496094
166.0
200.0
858 250.0 -4.388122081756592 210.0666961669922
200.0
200.0
859 250.0 -4.505374431610107 263.45697021484375
200.0
200.0
860 250.0 -1.8983930349349976 65.27313995361328
200.0
192.0
861 250.0 1.5122147798538208 116.32703399658203
185.0
200.0
862 250.0 -0.48329421877861023 39.66093063354492
200.0
200.0
863 250.0 3.935079574584961 147.99298095703125
200.0
200.0
864 250.0 2.0626683235168457 111.10401916503906
179.0
183.0
865 250.0 1.1114749908447266 62.4638557434082
200.0
200.0
866 250.0 1.738284945487976 90.4991226196289
200.0
200.0
867 250.0 0.25962936878204346 104.16862487792969
200.0
200.0
868 250.0 2.819249153137207 105.91830444335938
200.0
200.0
869 250.0 1.4341038465499878 84.18072509765625
200.0
200.0
870 250.0 -2.5042662620544434 116.28179168701172
200.0
200.0
871 250.0 -4.590530872344971 290.7004089355469
185.0
200.0
872 250.0 -3.1372592449188232 585.109130859375
200.0
200.0
873 250.0 2.130946636199951 60.675506591796875
200.0
200.0
874 250.0 -2.736992597579956 274.967529296875
200.0
200.0
875 250.0 -4.319753646850586 367.3039855957031
200.0
200.0
876 250.0 -4.318293571472168 434.5052185058594
200.0
200.0
877 250.0 -3.7037642002105713 325.7852478027344
200.0
200.0
878 250.0 -3.5733423233032227 388.34088134765625
200.0
200.0
879 250.0 -1.1546742916107178 149.3609619140625
200.0
200.0
880 250.0 0.021410733461380005 213.39695739746094
200.0
200.0
881 250.0 -3.4935996532440186 707.7279052734375
200.0
200.0
882 250.0 -2.7153024673461914 359.7679138183594
200.0
200.0
883 250.0 -6.571201324462891 649.637451171875
200.0
200.0
884 250.0 -8.502666473388672 942.0228881835938
200.0
200.0
885 250.0 -2.835885763168335 343.63677978515625
200.0
200.0
886 250.0 -2.62250018119812 338.61767578125
200.0
200.0
887 250.0 -5.525516510009766 569.0691528320312
200.0
200.0
888 250.0 -3.916593074798584 629.2363891601562
200.0
200.0
889 250.0 -6.976569652557373 963.0259399414062
200.0
200.0
890 250.0 -6.883095741271973 897.8831176757812
200.0
200.0
891 250.0 -4.049219131469727 720.8753051757812
200.0
200.0
892 250.0 -3.423041820526123 477.4864807128906
200.0
200.0
893 250.0 -4.6976704597473145 572.2333984375
200.0
200.0
894 250.0 -0.04063441976904869 188.12608337402344
200.0
200.0
895 250.0 -3.1929821968078613 527.4320068359375
200.0
200.0
896 250.0 -2.546900987625122 424.0605773925781
200.0
200.0
897 250.0 -4.066194534301758 647.0285034179688
200.0
200.0
898 250.0 -3.190066337585449 506.3643798828125
200.0
200.0
899 250.0 -0.9650400280952454 499.2225646972656
200.0
200.0
900 250.0 -2.257702350616455 557.7857666015625
200.0
200.0
901 250.0 -3.869647264480591 482.39691162109375
200.0
200.0
902 250.0 -1.376702070236206 355.2765197753906
200.0
200.0
903 250.0 -4.812328815460205 642.2625122070312
200.0
200.0
904 250.0 -3.101059913635254 637.2946166992188
200.0
200.0
905 250.0 -5.1428704261779785 856.479248046875
200.0
200.0
906 250.0 0.04539107903838158 157.96783447265625
200.0
200.0
907 250.0 -3.0060667991638184 744.6614990234375
200.0
200.0
908 250.0 -1.1898703575134277 314.5975646972656
200.0
200.0
909 250.0 -5.351317405700684 839.5997314453125
200.0
200.0
910 250.0 -4.2242231369018555 922.8447875976562
200.0
200.0
911 250.0 -1.9233840703964233 723.0896606445312
200.0
200.0
912 250.0 -3.5735366344451904 946.6375122070312
200.0
200.0
913 250.0 -3.173661470413208 622.244140625
200.0
200.0
914 250.0 -2.641139030456543 971.39208984375
200.0
200.0
915 250.0 -9.02774429321289 1514.76611328125
200.0
200.0
916 250.0 -8.950390815734863 1784.0653076171875
200.0
200.0
917 250.0 -2.966337203979492 928.2274780273438
200.0
200.0
918 250.0 -2.5806944370269775 950.5816040039062
200.0
200.0
919 250.0 -3.490724802017212 808.1990966796875
200.0
200.0
920 250.0 -2.406458854675293 851.2415161132812
181.0
200.0
921 250.0 -3.618337631225586 1101.1273193359375
200.0
200.0
922 250.0 -3.5527193546295166 979.7598266601562
200.0
200.0
923 250.0 -2.0224642753601074 842.8107299804688
167.0
158.0
924 250.0 -6.444849491119385 1509.8369140625
200.0
151.0
925 250.0 -0.630899965763092 1137.79541015625
200.0
200.0
926 250.0 -3.1801187992095947 1021.8455810546875
140.0
200.0
927 250.0 -1.9332270622253418 1249.6595458984375
167.0
184.0
928 250.0 -2.0138156414031982 1298.1832275390625
161.0
200.0
929 250.0 -1.5042896270751953 941.0835571289062
172.0
162.0
930 250.0 -1.6107720136642456 1052.3939208984375
154.0
129.0
157.0
931 166.66666666666666 -8.755069732666016 1276.8797607421875
200.0
200.0
932 250.0 -1.6291594505310059 899.0648803710938
168.0
183.0
933 250.0 -1.7145010232925415 1019.60107421875
175.0
160.0
158.0
934 166.66666666666666 -8.001784324645996 1250.7188720703125
174.0
158.0
935 250.0 -1.8354815244674683 1070.1842041015625
200.0
168.0
936 250.0 -2.0643303394317627 1085.76513671875
154.0
160.0
937 250.0 -0.5063601732254028 1028.64794921875
150.0
149.0
172.0
938 166.66666666666666 -7.300179958343506 957.5477905273438
153.0
200.0
939 250.0 0.0906277522444725 921.4055786132812
200.0
156.0
136.0
940 166.66666666666666 -5.120884895324707 986.62451171875
162.0
182.0
941 250.0 -1.03811514377594 920.962646484375
180.0
134.0
942 250.0 1.0339590311050415 928.738037109375
200.0
200.0
943 250.0 0.9666337966918945 753.1339111328125
200.0
200.0
944 250.0 -0.9410938620567322 812.5401611328125
200.0
192.0
945 250.0 0.5899131894111633 705.3397216796875
187.0
200.0
946 250.0 1.0795689821243286 678.108642578125
200.0
169.0
947 250.0 0.6067923307418823 806.2348022460938
185.0
200.0
948 250.0 0.5152883529663086 813.6792602539062
200.0
199.0
949 250.0 2.749429941177368 703.9511108398438
200.0
192.0
950 250.0 1.8494083881378174 727.1043701171875
200.0
200.0
951 250.0 1.136055827140808 661.158935546875
200.0
187.0
952 250.0 2.152271270751953 705.5142822265625
167.0
200.0
953 250.0 2.456770181655884 702.8013305664062
200.0
200.0
954 250.0 2.928743839263916 610.6778564453125
200.0
192.0
955 250.0 1.1236951351165771 641.5750732421875
200.0
200.0
956 250.0 1.947582721710205 642.94287109375
200.0
200.0
957 250.0 2.7432126998901367 533.2311401367188
151.0
159.0
185.0
958 166.66666666666666 -2.8466968536376953 634.4904174804688
200.0
191.0
959 250.0 2.2933430671691895 585.4535522460938
200.0
200.0
960 250.0 2.449087142944336 599.7969970703125
200.0
191.0
961 250.0 2.651752233505249 590.1796875
200.0
200.0
962 250.0 2.863499164581299 558.2371215820312
200.0
200.0
963 250.0 2.446773052215576 561.9281005859375
200.0
188.0
964 250.0 2.6705918312072754 544.43017578125
194.0
200.0
965 250.0 1.8885061740875244 533.1849975585938
200.0
153.0
966 250.0 3.155958652496338 573.9990234375
200.0
173.0
967 250.0 2.1484384536743164 586.349365234375
200.0
200.0
968 250.0 3.308389186859131 552.1337280273438
200.0
200.0
969 250.0 3.1995651721954346 588.76123046875
200.0
200.0
970 250.0 2.3873744010925293 525.2301025390625
200.0
200.0
971 250.0 1.5252424478530884 573.1553344726562
200.0
200.0
972 250.0 1.7011531591415405 526.42822265625
177.0
176.0
973 250.0 2.7250471115112305 515.4666748046875
200.0
149.0
974 250.0 2.8097822666168213 524.7858276367188
200.0
199.0
975 250.0 2.8493716716766357 500.04119873046875
180.0
196.0
976 250.0 3.1143901348114014 438.80780029296875
200.0
200.0
977 250.0 1.7076301574707031 519.5878295898438
200.0
200.0
978 250.0 1.2104461193084717 501.03656005859375
163.0
200.0
979 250.0 2.462120294570923 479.7326965332031
200.0
200.0
980 250.0 1.28782320022583 549.0499877929688
176.0
200.0
981 250.0 2.43595814704895 460.7432556152344
200.0
200.0
982 250.0 2.471587896347046 530.94970703125
200.0
200.0
983 250.0 2.232938528060913 441.07196044921875
180.0
200.0
984 250.0 2.4699461460113525 439.9306640625
158.0
174.0
985 250.0 3.482053756713867 437.3661193847656
186.0
200.0
986 250.0 1.455186367034912 463.93011474609375
200.0
200.0
987 250.0 0.4734932482242584 521.5730590820312
175.0
200.0
988 250.0 3.3671584129333496 421.7873840332031
200.0
200.0
989 250.0 1.1310789585113525 488.7945251464844
200.0
200.0
990 250.0 1.8171619176864624 395.37744140625
200.0
199.0
991 250.0 1.5459293127059937 435.7279052734375
200.0
200.0
992 250.0 1.3700631856918335 414.79638671875
200.0
200.0
993 250.0 1.2844206094741821 453.1756896972656
200.0
200.0
994 250.0 1.0470619201660156 456.9161376953125
191.0
200.0
995 250.0 1.2487083673477173 419.59942626953125
200.0
200.0
996 250.0 -1.060286521911621 559.5111694335938
200.0
200.0
997 250.0 0.4593335688114166 352.1068420410156
200.0
200.0
998 250.0 0.3020729422569275 406.0080261230469
200.0
200.0
999 250.0 1.2623536586761475 381.2104187011719
